0 11
46 68
6 18
1 21
23 42
90 101
96 102
1 15
12 17
31 39
36 42
10 19
30 36
71 81
3 3
55 55
78 78
114 114
120 120
136 136
23 31
117 122
16 19
71 103
13 33
46 49
31 49
31 42
20 28
28 32
103 107
91 108
5 11
1 10
71 83
32 43
1 10
16 24
163 171
1 16
4 32
1 9
25 37
5 8
49 52
1 5
2 25
0 26
14 24
121 153
0 10
36 50
85 99
0 4
91 101
49 58
98 119
68 77
5 21
1 13
86 102
100 107
2 2
124 124
183 183
196 196
5 14
77 86
42 72
73 86
73 90
161 172
84 98
0 8
54 67
73 96
1 6
2 17
81 101
144 151
75 78
85 115
0 37
57 70
48 74
41 53
0 18
126 134
98 101
0 4
51 67
63 82
112 124
26 61
89 116
40 48
174 192
2 7
10 16
64 102
17 36
87 112
17 24
27 34
117 146
6 12
103 120
76 95
29 38
0 3
133 154
9 20
69 80
81 105
57 71
9 24
57 70
56 116
39 56
112 127
85 100
0 2
3 14
30 41
142 164
1 6
53 62
79 92
46 59
42 44
62 64
36 54
119 128
125 141
31 60
1 7
71 74
39 77
83 108
111 150
98 115
0 5
110 127
40 47
93 105
112 126
35 43
0 15
7 12
23 45
5 12
99 108
0 4
23 33
13 20
57 61
141 145
12 16
2 20
68 75
0 23
148 156
66 88
131 135
0 10
76 89
80 86
70 81
5 17
29 42
115 137
21 33
1 6
65 74
47 52
39 60
26 38
86 119
99 103
0 9
2 16
9 22
22 35
29 31
47 72
62 73
127 147
20 28
1 8
77 89
66 75
5 13
1 7
1 18
190 203
40 92
94 99
0 14
31 49
19 25
66 76
53 57
37 52
77 85
1 24
137 162
0 14
55 64
193 199
55 63
103 110
94 103
106 161
53 55
0 5
0 47
233 246
30 43
58 75
2 11
76 84
29 45
0 2
38 41
97 100
17 33
96 109
36 71
0 3
117 127
151 161
50 53
81 89
31 40
2 21
104 113
129 138
64 97
104 113
43 69
14 22
44 52
5 7
52 54
1 24
0 30
72 91
129 143
6 14
125 136
40 62
2 17
101 147
90 98
102 118
13 43
0 6
78 89
55 67
0 2
39 51
71 101
0 3
10 15
10 14
92 111
112 122
105 118
32 46
55 86
39 54
72 80
1 22
3 22
94 106
67 73
41 47
85 93
41 52
77 94
0 2
45 49
71 83
24 31
56 76
0 3
8 12
5 19
4 12
134 155
97 102
143 147
83 88
61 78
53 86
84 107
105 120
124 136
50 64
4 27
134 148
39 69
82 95
90 107
16 25
113 144
59 65
1 12
39 63
68 74
83 92
70 79
69 85
1 9
49 74
73 83
37 43
42 68
0 29
7 20
68 89
79 88
95 106
1 9
3 11
87 97
123 137
26 34
40 44
24 27
89 92
17 20
83 111
85 100
108 111
0 45
38 44
5 8
38 47
62 84
9 18
1 8
1 30
75 89
68 74
0 19
111 130
46 68
25 57
62 82
84 90
84 97
1 12
24 27
99 116
5 19
61 72
39 62
106 114
44 72
63 79
106 114
1 14
39 49
40 48
61 77
51 60
77 91
96 124
182 188
59 67
44 55
53 73
35 39
79 84
26 50
71 83
59 68
1 14
121 132
0 2
142 170
5 28
124 126
5 20
14 22
43 61
32 32
2 2
60 60
136 136
175 175
1 13
76 109
14 18
63 98
129 138
30 32
6 29
23 115
110 129
5 26
128 134
0 4
1 37
82 102
30 41
84 108
22 28
30 34
1 15
23 29
0 2
81 83
2 16
83 98
0 2
67 79
5 15
70 88
73 84
55 80
49 68
4 20
14 40
102 113
16 34
0 4
153 183
0 15
78 87
121 127
42 65
77 85
12 48
0 5
15 46
117 128
1 14
52 69
81 93
90 96
57 82
63 73
1 8
134 152
55 70
75 100
52 65
152 155
65 73
97 112
50 56
0 2
26 32
59 67
22 28
64 75
152 161
1 7
108 122
19 24
0 22
1 27
27 32
6 26
39 48
74 83
45 93
75 83
87 126
0 9
0 7
53 68
26 37
0 5
27 47
2 6
0 24
1 8
65 72
44 70
0 4
7 19
68 72
56 62
39 59
92 111
79 100
46 69
19 28
5 28
1 14
0 23
2 8
1 25
18 47
23 32
7 23
45 70
0 2
1 7
5 15
60 84
101 115
51 57
50 59
6 17
95 107
25 39
30 37
66 81
3 9
73 95
4 15
175 191
3 5
109 111
0 3
22 26
41 60
4 7
45 48
5 24
1 16
0 9
0 3
82 133
65 80
3 15
6 20
26 47
102 111
77 95
6 9
6 16
91 104
13 33
113 122
74 80
1 12
74 83
0 8
40 50
50 73
68 78
70 70
100 100
125 125
161 161
202 202
233 233
247 247
40 47
74 79
57 68
38 42
134 142
22 34
131 148
107 118
0 8
52 77
125 132
111 119
13 32
0 3
127 135
0 5
73 105
53 63
22 30
65 69
0 2
10 30
0 20
37 42
5 8
61 70
60 69
56 66
83 128
23 31
9 15
153 163
5 28
5 17
86 91
1 8
67 95
2 25
131 139
23 28
38 47
80 89
108 137
146 151
9 20
0 33
103 114
55 61
4 11
73 85
20 22
1 8
25 40
0 2
58 65
60 71
102 109
110 123
1 3
88 101
52 89
3 28
1 17
31 38
24 35
138 149
62 95
122 126
23 34
26 31
0 2
0 2
66 73
59 76
1 6
112 122
70 88
49 51
92 94
32 43
9 11
12 15
0 26
105 120
6 9
45 51
19 35
67 81
0 27
0 17
147 152
112 124
90 95
94 100
1 18
42 53
79 93
0 20
55 85
41 48
42 52
0 4
66 86
1 11
63 72
93 100
1 5
119 136
64 78
0 19
9 16
45 72
59 88
119 122
10 25
102 110
1 11
0 16
45 80
150 158
17 23
153 171
107 124
83 101
5 8
7 13
0 4
72 82
45 83
41 46
1 23
73 89
15 26
5 19
27 32
0 22
20 49
12 18
5 14
70 99
66 76
0 14
1 6
148 167
49 60
8 11
30 33
91 94
1 34
20 35
88 99
0 9
54 79
163 169
0 3
80 104
31 48
119 133
102 117
4 30
0 2
144 157
0 8
58 63
38 40
54 56
143 145
206 208
113 126
6 27
1 10
17 31
1 11
0 5
88 113
19 32
5 8
20 42
5 20
94 131
0 23
0 3
111 124
25 34
7 29
57 80
72 96
82 87
100 106
6 8
189 194
3 22
114 117
16 31
6 12
22 36
18 24
0 24
35 68
30 40
4 9
47 61
71 94
44 64
73 76
42 53
42 58
9 14
8 30
4 17
2 15
10 24
48 51
5 17
0 66
0 6
108 114
117 124
51 57
2 10
93 124
0 3
0 11
65 88
72 82
0 4
73 77
19 26
0 40
24 35
17 41
5 19
0 2
83 92
91 122
25 46
98 120
49 65
7 13
26 53
38 67
0 19
2 22
71 106
44 49
21 34
90 100
21 40
77 90
38 48
1 10
16 23
4 15
6 25
2 10
21 26
69 77
35 49
0 2
0 4
94 120
34 44
19 24
0 6
88 106
0 6
0 8
109 136
0 3
96 102
2 15
155 167
4 40
49 55
67 89
72 82
28 38
2 15
2 7
146 173
60 73
144 157
38 62
98 126
37 45
27 50
32 42
194 208
0 2
1 3
72 89
2 9
27 31
0 2
97 100
64 74
13 23
5 12
98 100
115 117
187 189
201 203
17 40
2 6
75 86
0 18
6 18
108 117
1 28
121 165
48 62
0 3
93 107
145 166
41 68
22 33
31 41
32 39
1 14
195 207
128 139
26 30
59 67
1 21
41 87
16 25
41 46
21 24
0 4
1 15
0 6
26 46
2 19
27 47
62 83
67 91
0 4
17 34
82 99
1 13
19 31
63 70
103 116
27 29
29 45
61 83
114 116
137 139
10 19
34 48
58 81
98 120
94 106
73 86
0 3
77 84
57 70
70 90
0 23
58 95
66 102
72 83
17 19
44 46
117 166
5 13
66 84
51 59
64 104
2 21
107 110
72 83
1 5
41 51
82 105
98 109
49 52
1 6
41 56
74 89
46 96
25 28
89 107
1 8
0 5
69 73
157 168
0 8
42 63
1 8
7 11
5 18
1 7
5 11
22 63
151 155
1 7
112 120
5 16
148 153
71 78
0 2
52 74
127 149
3 12
66 74
54 58
0 2
98 118
30 52
163 201
35 42
39 58
67 85
51 53
64 68
55 79
62 67
0 7
67 81
28 39
54 94
0 22
83 93
54 93
89 100
37 58
0 23
0 4
7 12
42 55
0 3
16 40
0 7
44 61
2 10
172 191
79 100
15 20
44 70
68 75
121 126
16 23
0 6
137 149
0 33
96 106
3 9
1 29
0 4
35 42
122 127
11 13
42 44
132 141
5 14
101 109
14 17
97 109
102 111
135 143
7 22
71 71
0 10
61 81
5 12
68 90
87 97
10 36
0 10
92 98
94 116
101 126
24 43
0 7
76 100
100 108
48 61
1 16
117 132
23 37
0 19
7 11
70 119
3 19
90 97
0 2
44 58
99 107
33 39
50 61
54 57
19 40
66 74
5 32
9 41
1 24
30 53
97 108
44 53
30 42
18 30
1 9
0 7
96 105
40 44
42 59
67 87
0 6
136 143
73 104
14 27
43 61
9 42
59 69
52 64
107 122
154 157
1 36
5 13
37 51
129 142
10 26
100 115
83 90
60 64
81 133
59 66
132 134
31 47
46 51
39 56
97 111
0 3
1 17
1 8
112 127
114 128
108 124
1 31
86 107
2 36
58 68
74 74
109 109
135 135
70 99
1 12
26 34
52 60
18 23
36 53
1 12
14 20
4 19
42 61
89 125
28 43
56 59
103 112
101 116
133 141
38 40
134 140
102 106
1 11
2 8
110 121
116 132
1 9
46 60
4 10
7 19
55 84
21 37
86 106
37 56
76 78
50 63
65 106
90 103
47 61
24 37
83 98
4 24
2 9
36 38
111 128
2 42
4 12
32 44
60 62
118 155
105 115
7 15
0 30
7 16
55 66
96 121
5 22
0 5
38 73
82 93
55 60
28 36
64 68
1 35
0 13
1 26
56 76
33 43
91 97
56 61
13 27
16 37
84 90
73 95
113 117
79 86
13 15
234 236
5 8
29 52
2 10
37 47
104 114
0 6
49 53
83 87
54 65
133 141
93 126
128 131
0 2
77 103
126 136
89 98
52 64
125 130
94 102
27 37
46 68
9 16
122 125
84 93
224 250
0 15
80 85
2 6
57 69
88 98
5 15
51 62
47 62
19 37
133 145
36 55
4 7
12 17
116 138
142 178
3 13
7 22
21 31
69 75
58 66
0 5
57 64
45 49
52 99
0 2
0 10
44 49
97 102
76 82
8 23
32 46
96 117
80 104
145 151
93 105
11 26
30 33
7 17
0 9
43 55
55 71
49 70
4 22
40 67
10 24
61 71
129 139
92 101
52 74
75 100
39 48
0 12
29 40
74 101
26 31
0 7
30 36
32 52
65 77
10 13
100 116
1 13
76 81
18 47
108 116
2 6
0 15
55 67
93 103
110 139
22 27
65 75
50 76
80 97
92 105
134 150
30 38
0 7
148 154
61 68
48 63
61 74
4 24
0 33
35 44
80 123
83 97
221 228
105 135
53 67
97 107
44 52
99 123
79 88
47 68
115 126
50 52
87 98
7 23
35 41
53 69
44 67
125 156
58 102
0 14
30 40
0 3
2 11
47 65
42 51
155 159
92 113
39 52
62 107
0 4
85 90
117 125
44 46
20 24
69 130
12 16
5 13
87 104
258 268
0 12
7 13
86 97
77 93
91 138
55 63
22 37
115 134
90 103
84 91
65 81
31 50
76 90
0 8
126 153
110 115
5 17
20 33
2 15
10 26
52 79
93 105
0 5
1 15
88 101
0 10
8 22
58 68
84 90
23 46
5 9
0 3
0 4
73 99
4 10
0 14
10 12
182 184
201 203
73 109
5 7
35 37
68 70
110 112
140 142
31 51
48 70
111 147
43 60
32 36
5 12
111 138
0 2
43 62
38 66
93 117
110 133
66 89
7 18
32 36
52 66
79 91
1 23
0 2
132 146
11 31
74 85
72 95
15 21
0 3
6 12
46 61
82 102
26 42
39 48
36 51
0 22
92 106
0 3
80 102
58 74
2 8
38 53
64 76
34 46
31 50
54 71
131 140
44 69
66 88
66 82
65 82
45 62
75 97
98 108
112 142
79 84
1 5
98 109
55 61
40 49
57 78
63 71
158 173
1 13
6 12
0 0
4 18
75 82
128 138
2 7
42 48
6 35
6 17
73 87
38 43
18 33
10 29
30 52
120 136
2 4
5 8
75 80
66 78
25 29
108 112
170 174
2 18
0 12
68 83
53 61
5 16
0 2
84 90
51 72
1 13
26 41
77 86
53 61
7 14
72 78
32 34
97 99
0 38
13 25
52 57
134 166
52 61
59 63
10 35
50 53
11 23
2 13
78 90
27 46
139 150
5 24
81 90
98 113
2 20
45 68
2 9
96 99
119 136
0 3
34 39
62 81
131 161
37 54
52 57
76 80
16 24
6 25
80 116
0 10
35 39
2 12
82 105
80 90
10 27
47 51
10 17
0 13
27 33
62 116
144 151
1 3
72 88
134 141
75 94
7 13
178 184
94 123
43 63
0 17
46 65
86 94
7 20
164 193
10 17
90 124
60 95
0 2
35 59
111 126
93 113
8 21
4 16
108 120
1 11
2 10
39 42
4 15
0 2
34 78
62 77
24 42
91 99
17 27
31 37
77 85
66 74
47 50
96 99
137 140
143 146
27 30
71 88
210 217
44 73
172 185
89 104
54 84
85 100
111 116
0 2
93 95
141 170
10 24
0 15
1 32
121 132
43 66
55 65
121 132
65 68
7 14
1 6
72 93
9 19
18 20
0 3
122 139
54 82
78 117
12 14
78 90
39 47
49 64
67 72
43 48
69 72
150 153
28 38
63 72
50 62
69 102
47 53
0 51
0 2
34 46
78 114
58 82
69 86
112 133
1 6
57 66
64 69
45 56
72 90
7 14
87 96
96 110
7 39
123 153
6 14
26 29
106 109
136 139
191 194
50 61
145 166
30 35
69 74
1 8
110 143
0 22
0 2
4 23
97 113
0 8
64 84
0 37
0 12
59 62
71 94
23 49
44 53
76 89
17 31
30 40
3 19
17 52
101 106
7 15
103 105
44 64
2 23
13 27
70 85
63 73
60 90
88 120
94 114
23 31
12 32
54 67
14 29
0 13
69 83
54 62
41 86
25 34
197 209
1 23
62 84
51 56
0 17
11 22
51 54
0 9
100 115
73 90
31 38
8 15
119 140
0 3
119 138
34 51
121 136
87 106
82 94
122 133
101 130
81 93
31 39
159 168
11 23
43 54
154 169
59 65
17 21
86 101
7 14
0 5
23 26
31 38
7 29
93 97
118 131
66 73
11 17
32 40
120 136
73 88
34 57
152 168
55 68
0 20
23 39
149 158
83 95
31 41
72 83
57 67
44 56
96 114
114 116
137 139
75 83
47 82
4 10
28 43
19 38
21 43
45 57
0 41
106 110
0 14
39 46
20 41
0 6
21 57
83 102
93 113
53 76
51 68
96 109
34 51
59 69
118 128
108 120
107 127
2 12
21 38
19 39
80 125
8 10
128 142
96 118
85 105
0 2
21 58
63 97
53 59
25 27
75 143
48 77
72 74
2 17
27 35
229 239
0 28
4 24
20 32
39 52
5 19
24 35
13 42
57 76
29 64
130 142
21 28
116 121
6 18
32 43
78 92
16 28
0 6
19 42
0 3
40 50
222 245
27 47
50 58
112 119
150 158
2 21
5 19
34 58
29 31
0 10
47 64
92 121
54 67
20 42
13 38
12 18
6 20
0 7
42 99
149 168
15 31
61 80
36 50
66 84
61 66
24 63
0 23
18 25
0 34
55 73
45 55
88 155
87 95
86 108
32 36
5 28
5 17
20 35
97 106
0 11
154 163
31 40
3 23
121 134
78 94
0 25
110 127
0 15
0 5
85 98
61 70
28 58
110 118
58 66
16 36
3 5
76 108
39 58
6 19
118 145
0 5
119 136
58 75
8 17
24 47
40 44
37 48
56 97
120 153
49 72
7 24
29 46
103 111
0 16
32 67
0 3
1 4
70 73
73 95
0 22
2 16
41 44
29 49
46 92
111 119
92 117
51 62
21 74
133 137
122 127
19 32
12 17
126 143
49 57
56 70
0 12
60 72
17 31
111 121
54 56
0 21
133 148
110 127
13 34
22 34
5 24
53 62
40 57
14 31
31 37
20 28
59 66
9 17
1 18
17 27
71 80
185 213
95 107
20 58
0 2
77 91
36 53
0 16
33 42
56 75
50 54
9 32
6 14
88 100
13 30
75 97
53 79
49 60
71 82
1 12
3 15
3 17
0 35
0 11
13 27
2 18
43 105
2 14
25 54
71 78
46 77
51 77
11 27
70 90
0 35
57 85
0 0
76 76
128 137
85 103
36 47
74 76
100 102
172 174
0 12
37 61
103 112
29 45
0 5
2 19
63 77
20 58
0 4
38 62
80 94
110 120
0 8
41 59
20 77
47 58
0 38
93 109
0 4
83 106
16 34
31 64
121 138
3 10
14 39
17 22
43 48
59 72
120 140
7 31
0 2
44 77
58 72
34 43
44 51
47 67
61 78
53 72
0 20
74 106
21 27
17 46
0 2
41 76
31 44
0 33
46 78
7 15
27 37
15 37
31 55
0 3
30 33
95 105
67 81
11 18
0 2
59 64
37 40
36 69
46 55
0 0
99 106
155 177
82 133
86 94
5 16
90 109
90 155
84 91
0 31
7 13
20 38
20 56
121 129
0 37
19 45
136 140
1 3
44 91
47 76
16 60
18 36
121 125
16 44
181 189
59 69
1 19
60 72
73 84
24 43
51 56
2 7
41 54
63 85
52 79
19 49
133 167
102 104
83 96
109 131
0 5
55 63
25 31
21 39
35 47
180 191
66 75
5 13
56 69
10 19
2 10
94 120
19 42
76 91
30 40
67 85
7 13
66 80
11 20
29 52
4 11
24 34
190 219
53 63
99 113
0 21
60 77
0 27
39 54
52 60
18 36
47 70
6 13
16 27
68 78
0 27
60 95
86 99
6 13
99 124
5 15
52 79
49 71
31 36
15 54
0 26
6 9
73 77
19 32
18 28
5 22
87 122
22 36
76 86
79 91
59 76
39 67
5 14
83 92
0 19
67 72
139 147
77 85
19 35
0 5
50 53
67 81
28 39
13 22
22 40
0 34
18 54
17 28
76 84
62 84
51 80
0 5
34 40
28 52
36 47
26 41
87 103
35 57
56 65
38 43
9 41
56 72
159 170
216 232
26 38
121 153
8 20
2 17
0 5
45 53
29 66
9 19
55 72
0 13
39 52
0 12
19 35
68 85
36 60
63 89
49 55
192 220
72 116
67 92
63 79
247 292
1 13
143 165
109 138
91 138
72 97
56 68
2 18
70 84
54 70
16 31
5 15
93 118
96 112
75 99
11 35
69 74
53 70
0 5
6 14
0 7
37 57
45 53
29 57
27 34
83 111
63 74
44 65
18 23
259 283
74 107
234 245
81 85
25 40
21 29
9 32
35 55
3 5
52 86
39 48
8 30
61 87
0 23
0 4
122 158
5 14
120 129
100 126
64 76
121 132
81 93
102 110
19 41
50 75
0 6
118 127
42 73
20 34
44 60
50 75
65 86
42 54
31 54
175 177
0 14
15 34
0 2
73 105
25 29
108 112
170 174
70 88
17 52
87 122
88 96
14 28
104 116
66 86
0 16
63 75
26 31
41 58
39 61
72 78
6 15
125 141
36 52
113 117
167 171
2 16
101 107
28 39
25 40
48 87
39 52
36 53
26 75
8 11
0 6
20 31
0 47
126 133
43 67
58 78
21 43
73 87
16 19
71 78
7 48
14 25
21 41
49 58
0 6
6 10
9 42
37 77
31 38
91 112
56 77
0 10
0 24
61 68
81 97
17 33
93 122
85 95
46 52
99 101
131 133
33 39
138 169
29 34
80 90
24 38
105 133
60 92
72 77
7 23
88 101
82 128
21 30
0 7
14 24
1 15
9 52
156 166
68 86
89 95
128 141
14 36
51 57
0 8
6 26
79 99
12 22
47 92
94 111
63 80
10 20
92 98
87 93
0 5
36 74
73 80
88 97
31 80
11 30
7 20
98 115
0 14
65 68
18 27
35 54
13 18
14 17
74 89
20 26
0 18
117 145
24 38
32 58
17 44
28 45
112 117
9 15
25 29
3 10
62 76
25 64
48 67
60 73
157 166
107 124
54 58
6 10
33 50
137 148
57 76
0 25
0 2
34 68
23 31
73 76
14 23
37 77
6 13
22 33
57 81
47 59
68 80
0 32
0 20
107 130
11 17
135 152
42 52
139 148
14 44
14 52
16 24
88 99
15 21
92 102
40 77
55 59
22 32
112 123
54 57
16 44
24 31
6 15
21 31
54 83
17 36
16 20
19 35
0 23
66 74
60 66
13 22
54 80
0 5
0 7
32 40
0 22
38 62
31 45
16 53
22 47
44 68
88 100
87 94
24 38
135 153
7 15
0 18
26 45
39 45
21 41
11 13
1 11
3 12
36 56
2 13
29 36
72 93
26 56
0 7
32 39
60 82
4 24
66 74
74 85
123 133
8 23
69 105
142 153
0 8
8 20
66 90
50 74
16 38
93 113
31 74
95 107
59 65
35 45
36 49
83 89
39 75
88 106
56 71
24 40
3 8
52 57
6 27
72 83
34 42
71 90
24 31
33 40
17 27
0 12
47 78
58 76
140 145
0 5
71 133
0 2
73 100
17 24
66 93
12 26
64 83
55 58
96 124
34 47
6 14
77 95
49 63
0 14
85 96
2 8
49 63
0 3
53 86
122 143
42 64
43 50
88 111
101 117
22 25
78 95
0 27
3 7
29 31
0 7
3 10
0 31
38 51
47 75
14 42
64 86
54 92
28 39
98 105
57 70
0 5
66 73
45 55
3 9
102 113
34 48
58 68
54 67
87 115
55 65
23 54
46 56
58 80
0 3
14 45
56 60
10 15
5 14
112 132
16 39
47 52
0 9
61 70
39 41
201 229
32 47
33 91
1 5
108 112
164 168
38 68
63 74
147 159
18 48
16 19
12 30
55 145
90 103
116 143
14 26
82 98
23 27
93 121
20 35
83 108
62 85
105 128
66 93
98 114
17 47
10 17
62 91
42 62
74 90
45 62
0 3
26 61
0 19
15 35
42 64
5 12
78 89
1 10
43 53
97 115
103 105
98 108
40 57
40 66
26 42
23 46
28 58
76 89
6 17
26 45
71 83
0 29
0 24
67 99
116 136
11 13
124 135
24 26
55 57
141 143
52 72
40 45
0 3
5 12
33 41
68 71
113 117
51 55
0 13
53 61
2 29
1 14
72 80
127 144
0 27
0 10
0 2
25 69
55 71
75 85
22 44
152 157
34 64
54 56
56 84
0 33
51 57
24 43
32 40
38 50
24 44
0 23
29 42
22 25
64 67
71 99
90 101
2 4
83 85
59 71
30 45
0 40
104 115
30 45
23 33
4 12
14 23
35 79
0 4
50 61
37 70
24 29
42 56
0 39
119 135
33 45
29 82
19 34
21 36
0 30
16 24
112 118
61 69
35 55
144 163
62 71
28 38
59 71
44 75
2 8
18 29
4 8
66 98
85 98
71 90
21 48
111 134
28 35
39 66
60 65
7 11
74 79
51 87
149 165
0 18
71 80
113 116
7 15
0 2
0 5
20 27
60 75
32 44
3 10
21 33
0 32
40 65
80 106
63 86
61 71
0 16
20 26
77 91
8 31
89 91
104 106
137 139
57 81
53 85
59 85
26 56
9 14
20 41
0 39
69 92
169 260
35 41
20 33
0 15
124 128
102 129
72 83
10 26
142 167
42 60
0 20
0 24
119 127
22 35
22 93
9 17
90 105
0 7
24 65
3 14
37 43
33 33
54 54
20 27
65 73
34 44
0 2
26 37
91 101
52 66
0 9
87 105
5 14
0 20
12 15
0 25
0 16
55 67
41 72
9 14
0 7
38 53
56 85
101 103
18 29
84 110
41 45
0 40
79 95
28 62
115 117
21 53
46 66
0 5
37 45
48 62
27 71
11 16
203 208
3 29
9 14
143 148
62 82
33 41
28 62
0 2
135 164
0 3
59 71
67 80
10 18
47 79
0 9
21 36
66 72
12 25
150 161
71 142
69 87
32 58
219 230
166 192
2 15
5 14
8 15
2 6
154 178
75 87
15 51
57 63
99 119
107 139
109 136
8 32
51 70
60 64
83 128
111 135
0 30
72 94
23 27
23 35
0 23
10 20
95 100
48 69
0 60
78 89
100 109
72 99
48 52
31 43
133 149
38 71
93 112
144 152
89 95
107 151
87 98
111 158
25 54
61 91
24 40
154 162
22 40
79 104
27 36
23 56
10 45
116 138
107 112
90 116
16 35
57 66
74 80
33 50
74 84
27 38
2 19
0 21
0 18
45 70
150 153
32 36
9 12
49 71
121 149
71 83
45 77
7 26
10 13
1 7
40 57
61 67
0 7
30 60
156 164
139 151
122 154
85 103
160 166
65 72
84 143
21 21
27 44
24 26
190 207
37 75
69 108
93 104
0 18
0 2
8 23
87 93
37 48
252 258
17 30
36 48
0 3
23 36
22 44
52 74
6 15
29 37
102 108
23 44
18 35
19 35
28 38
42 65
120 134
4 18
102 114
98 123
21 38
90 110
46 59
84 102
14 21
123 162
107 118
0 6
89 99
0 26
2 8
23 31
54 84
2 8
44 52
2 9
0 20
15 17
58 60
2 18
62 77
17 26
0 8
0 60
14 24
41 53
24 28
30 40
20 48
2 14
67 79
12 32
24 32
14 21
64 88
0 21
33 46
41 47
37 48
0 34
5 9
77 81
48 63
108 119
49 65
82 98
153 157
166 170
45 73
30 52
140 152
94 115
139 147
12 20
110 129
198 215
2 14
64 92
15 46
31 42
5 19
104 128
18 23
23 45
46 54
67 81
155 173
2 7
77 82
196 201
54 73
46 48
59 67
0 5
13 29
17 19
113 135
163 187
0 6
88 121
99 112
0 33
147 154
0 21
54 80
62 68
53 63
17 30
23 49
80 104
61 75
40 42
0 31
14 36
95 103
105 112
148 152
2 17
66 78
35 49
14 17
22 38
29 44
120 124
98 104
62 83
126 159
29 39
152 169
31 73
54 80
133 157
11 40
22 26
70 75
24 45
61 78
38 42
53 71
1 3
32 34
52 58
7 25
0 2
34 45
51 82
5 18
29 68
11 22
120 131
14 20
23 59
63 71
0 26
71 85
38 56
17 22
76 89
92 112
0 19
199 210
28 45
29 56
31 51
61 75
36 54
36 55
0 22
95 98
58 85
22 94
0 95
23 34
6 19
4 14
79 85
1 30
20 26
0 3
19 38
54 61
19 29
0 41
117 127
0 3
95 224
21 31
65 82
41 48
93 113
5 10
70 74
101 112
86 109
36 41
30 48
73 79
30 39
39 47
35 51
105 123
31 39
62 82
23 48
53 73
70 91
147 152
29 36
31 47
111 119
62 90
1 24
0 5
40 55
29 53
1 19
37 53
135 144
74 129
59 91
73 83
102 109
14 51
120 123
144 147
0 2
33 46
76 81
41 49
86 100
26 52
36 39
45 53
49 78
38 45
1 28
120 146
2 4
96 98
19 29
57 74
53 73
79 85
0 33
0 20
0 11
52 72
119 139
116 128
45 68
69 90
130 132
93 117
29 58
21 30
73 92
101 147
66 83
21 28
47 63
54 74
37 54
16 31
84 90
86 94
39 50
63 69
50 70
112 126
5 16
120 141
108 111
32 41
77 94
15 22
128 144
62 83
108 120
107 128
56 64
59 63
90 99
25 28
102 109
78 90
92 111
102 122
2 8
98 117
144 154
48 72
98 114
82 100
105 112
121 128
39 75
74 79
96 121
118 122
86 91
138 141
109 116
71 102
143 148
77 91
85 100
155 160
60 74
3 10
117 121
65 95
149 155
3 28
26 35
103 105
187 210
87 97
42 60
102 121
126 139
58 69
22 34
110 115
126 136
102 117
31 48
88 106
134 152
136 144
118 131
52 73
2 10
109 125
45 53
91 106
108 127
84 116
60 76
124 130
61 70
5 8
188 204
2 34
94 104
55 63
41 60
92 127
166 178
71 84
100 124
56 66
157 173
63 86
54 65
77 98
85 90
155 171
69 82
70 102
105 118
177 180
35 37
58 62
2 14
98 117
92 103
143 157
135 143
24 37
68 88
51 61
80 94
16 33
19 52
37 52
109 140
78 88
73 95
175 186
55 57
69 71
120 122
93 104
109 120
73 82
89 114
87 107
133 142
50 65
49 56
95 103
73 86
72 90
178 193
39 68
99 121
117 126
56 67
128 141
42 47
31 41
114 129
28 32
33 53
170 188
118 155
47 54
107 138
68 82
119 121
50 70
72 104
43 52
85 90
67 81
136 166
101 108
109 133
145 151
55 69
47 61
79 90
104 118
89 103
74 105
125 125
135 135
153 153
93 106
74 90
92 116
2 19
91 101
60 66
76 98
133 144
37 37
71 71
35 52
11 27
84 102
44 44
146 146
163 163
183 183
192 192
226 226
112 117
106 108
114 147
40 60
135 150
130 145
3 15
74 81
52 72
74 106
148 156
66 119
104 129
112 125
127 142
4 26
56 85
80 91
118 129
45 52
169 178
53 66
60 74
75 106
3 31
33 42
4 34
16 18
42 44
106 108
137 139
110 122
123 141
149 167
125 137
64 111
149 158
23 69
2 18
54 67
22 30
42 77
27 33
69 75
90 124
70 86
170 180
205 209
48 61
96 125
53 84
52 63
136 144
39 56
79 93
92 99
60 77
94 107
66 83
60 76
79 83
70 81
77 100
5 14
103 113
101 114
46 77
125 156
120 141
114 140
2 37
94 128
118 126
109 136
62 85
6 15
91 116
24 32
50 60
2 22
59 86
2 15
80 94
86 103
109 116
104 120
94 105
13 13
114 114
117 117
147 147
163 163
36 70
95 110
54 81
58 61
172 175
42 51
55 81
3 15
133 182
133 138
145 162
63 75
113 126
58 70
119 128
95 118
185 205
52 65
2 17
34 46
49 76
48 52
65 89
75 87
30 42
126 139
91 98
77 100
61 80
171 193
128 138
61 90
34 46
91 100
41 52
93 105
49 81
46 68
259 283
86 105
128 137
61 76
80 86
112 141
3 25
0 21
13 23
85 108
98 115
76 86
222 247
35 97
167 195
37 130
59 80
97 107
31 38
43 60
44 58
102 125
118 133
156 161
5 32
6 38
49 73
80 85
75 111
140 179
47 81
110 123
68 80
130 138
10 20
130 161
149 158
190 198
29 42
51 62
102 105
22 38
150 160
3 20
80 84
73 96
55 64
139 143
0 24
66 78
92 96
115 122
71 80
64 84
45 52
7 15
10 21
125 132
120 146
80 91
2 17
103 127
81 94
122 140
56 67
61 82
158 169
44 57
99 118
60 82
59 78
96 114
81 105
59 89
28 31
55 83
69 83
74 89
99 107
90 102
16 45
102 109
45 80
89 104
94 119
112 124
104 115
88 91
16 32
99 107
9 19
129 145
185 195
123 158
112 125
190 215
110 124
64 67
62 69
77 88
123 133
86 90
168 172
57 78
89 116
51 79
106 135
77 91
106 125
75 87
74 77
96 106
89 133
82 92
4 16
26 29
150 155
71 91
52 74
7 14
41 90
30 57
54 77
13 24
35 53
87 118
96 106
83 93
105 109
2 14
114 137
24 43
66 75
74 89
33 41
9 12
76 93
77 99
86 105
157 166
100 106
59 70
174 192
55 78
42 53
82 93
59 78
28 52
97 104
0 6
140 152
111 121
68 72
89 100
66 78
62 75
17 34
3 8
122 148
0 8
119 132
111 116
64 79
93 106
3 11
111 116
69 72
21 50
92 110
147 147
43 63
2 24
64 77
137 152
109 127
67 106
88 101
91 100
130 136
41 128
104 134
70 70
77 77
93 93
113 113
79 91
71 95
79 91
116 127
62 87
72 96
33 41
97 111
137 152
83 126
36 60
31 60
111 121
136 142
40 78
165 181
23 27
54 62
65 99
44 65
118 146
49 53
5 28
68 108
91 103
77 98
25 44
106 127
126 154
45 73
110 127
49 59
20 32
48 62
48 71
74 86
146 167
85 91
135 144
81 116
111 124
39 53
107 116
182 201
34 45
95 106
26 45
113 121
27 46
81 95
63 91
39 45
108 126
72 85
21 53
83 102
68 74
86 102
4 20
168 182
41 57
114 125
32 46
151 166
13 16
117 140
74 80
73 90
47 83
71 105
87 119
11 42
0 29
54 73
87 89
83 90
47 60
25 33
33 68
120 135
78 85
42 74
23 26
67 92
100 114
54 68
133 138
97 103
65 83
102 106
62 68
77 95
46 51
80 94
44 47
84 113
44 53
44 46
43 51
101 112
74 91
51 63
38 61
29 42
66 81
2 10
42 73
2 14
95 190
71 91
23 45
45 60
64 94
96 115
143 165
123 143
161 173
59 65
2 11
101 110
68 82
96 155
136 149
39 45
60 92
69 81
84 111
118 134
62 66
44 75
159 195
40 65
135 138
67 98
69 72
54 82
55 95
39 53
110 126
43 84
68 95
110 121
146 164
73 122
117 132
51 66
96 128
4 44
27 44
85 92
64 74
118 123
98 105
56 88
47 66
130 142
0 24
56 69
121 134
90 92
20 47
151 167
41 47
64 81
3 23
120 236
42 52
92 118
31 38
75 81
60 76
16 39
118 146
86 91
12 31
169 186
14 26
87 117
105 118
116 128
103 112
50 73
2 19
43 68
0 28
72 81
50 75
105 116
16 26
87 104
39 49
113 123
114 128
181 197
50 71
57 101
76 88
104 136
73 95
46 69
40 77
91 119
133 150
80 95
150 163
68 87
99 125
134 144
125 143
133 143
3 25
29 34
43 58
131 154
127 145
58 75
62 77
105 121
55 73
136 152
73 85
97 102
102 124
88 121
111 141
165 178
75 106
45 55
176 178
14 35
95 113
96 105
5 25
41 59
91 118
6 24
95 112
70 90
66 71
225 228
34 46
129 142
115 155
52 71
67 83
142 156
80 86
56 76
57 69
85 95
47 72
79 90
131 164
134 144
122 152
74 94
19 24
33 40
5 7
26 28
73 75
126 140
69 108
119 147
62 70
40 91
70 79
143 145
51 59
56 68
3 13
78 82
60 72
56 74
41 49
74 90
68 73
90 105
21 35
0 23
72 88
6 18
30 56
76 94
65 76
123 140
82 102
83 102
82 150
135 160
54 66
75 82
85 90
0 36
92 113
50 61
80 100
96 107
112 115
145 166
98 129
6 19
49 65
124 130
143 148
104 114
144 166
0 33
72 79
113 117
51 70
168 170
60 71
185 213
40 53
43 47
127 137
48 56
64 91
30 58
5 17
47 67
72 80
109 127
56 67
37 44
110 116
100 112
111 119
122 158
38 61
71 89
43 46
66 77
119 129
26 28
105 107
160 162
6 9
21 46
139 141
206 208
69 72
93 98
34 70
84 88
112 122
46 58
114 123
22 25
25 52
81 85
44 46
52 57
14 31
63 72
91 100
0 6
137 158
92 101
8 10
125 130
25 33
52 54
139 141
146 148
67 71
63 66
34 42
93 96
52 61
156 192
0 5
89 97
134 143
36 39
151 154
36 41
101 174
61 67
104 130
130 153
85 95
71 86
50 53
137 146
76 79
62 66
86 91
17 26
30 54
66 66
50 57
109 115
109 132
57 60
149 154
165 167
17 36
31 37
86 92
107 120
88 91
61 61
119 119
45 51
83 92
87 98
64 64
111 111
15 17
164 173
93 101
87 98
127 130
200 203
86 88
79 95
83 91
41 50
42 50
91 95
81 116
23 49
111 116
86 90
121 125
6 11
130 132
107 109
87 107
105 112
0 6
55 63
62 85
62 65
27 34
110 113
0 4
91 100
106 110
129 135
69 74
127 154
152 159
20 30
91 94
107 132
54 54
78 78
106 106
117 117
43 48
70 74
143 161
33 47
86 98
154 164
111 124
87 91
135 148
36 50
64 70
44 58
60 67
54 59
12 18
93 97
187 191
46 46
56 56
74 74
79 79
104 104
120 120
133 133
145 145
151 151
122 191
11 13
72 74
134 148
19 26
109 120
22 27
100 122
138 205
100 124
27 46
7 22
57 64
90 98
73 108
76 85
102 121
11 13
54 60
89 92
170 175
13 13
43 43
237 237
189 260
100 111
7 13
64 70
66 73
98 104
115 129
47 50
136 139
72 80
113 121
88 95
167 175
31 34
112 128
67 84
5 16
93 96
24 31
193 196
122 128
37 39
101 106
70 72
13 16
3 9
84 87
0 3
50 52
190 192
132 141
121 128
1 4
27 36
53 56
170 177
151 160
120 136
104 111
92 95
29 32
76 95
166 172
64 67
112 121
30 32
65 67
0 3
8 13
128 133
93 98
95 121
92 95
50 50
101 101
35 45
39 46
149 161
3 3
25 25
93 93
126 126
122 136
58 69
111 119
131 146
46 54
42 46
11 26
5 7
95 117
99 132
34 37
69 72
116 123
136 142
24 26
77 80
0 11
20 40
159 170
1 5
185 190
133 148
62 65
20 33
110 116
53 78
68 70
82 84
39 68
129 156
82 86
140 146
89 89
128 128
90 95
118 125
84 107
86 99
7 9
121 130
96 96
121 125
36 44
95 100
57 62
20 22
83 87
87 98
88 94
133 153
51 51
64 64
73 73
79 79
86 97
21 24
103 106
161 164
48 59
34 42
130 135
51 62
91 96
30 32
41 44
68 74
6 8
21 23
54 63
127 129
81 85
64 73
31 41
22 68
97 103
86 95
151 174
124 170
121 131
56 58
97 99
142 144
92 97
93 101
59 63
158 162
72 79
41 43
94 141
44 46
94 100
40 46
36 36
44 44
53 57
190 207
75 77
96 114
94 99
28 39
85 111
14 16
119 126
61 69
33 38
34 38
29 46
74 78
16 19
24 50
68 73
112 115
66 91
4 6
185 187
181 184
158 160
164 167
148 187
123 130
110 115
105 110
65 74
0 7
9 26
55 58
40 55
0 4
76 95
71 98
40 46
27 36
160 167
42 48
64 67
121 124
73 164
47 51
85 91
73 75
143 145
144 147
80 99
29 34
118 131
12 14
39 41
6 6
63 63
91 101
83 88
48 50
73 75
45 59
56 66
58 60
8 24
20 29
77 77
143 148
34 45
95 97
112 126
178 181
201 204
57 62
34 38
93 95
69 72
48 51
95 104
116 130
2 11
95 103
0 4
4 4
35 35
54 54
76 76
81 81
99 99
115 115
153 153
164 164
174 174
185 190
52 67
148 150
96 106
85 90
85 88
110 115
95 107
34 36
117 119
155 157
120 122
7 13
92 94
113 116
146 148
185 191
64 73
27 30
6 6
59 61
178 180
88 90
141 143
73 76
11 14
37 50
34 37
78 81
97 114
54 66
24 36
151 154
0 3
71 100
129 133
79 83
62 64
122 152
53 53
70 70
95 95
119 119
0 4
181 201
60 66
47 53
186 194
75 80
92 107
101 114
106 108
146 148
47 54
62 66
140 147
54 57
28 53
111 125
92 94
99 104
111 121
37 39
37 40
114 117
29 42
157 159
112 115
131 136
24 30
75 98
16 19
92 123
36 42
14 18
184 190
79 105
167 169
119 122
159 171
55 57
69 71
120 122
26 30
41 45
127 130
89 126
19 26
51 59
0 2
170 201
18 20
28 35
29 33
27 30
27 30
7 9
104 106
88 101
179 182
27 29
59 61
80 82
93 95
119 121
77 100
116 129
36 39
166 169
35 42
134 138
76 105
75 87
46 67
89 91
105 107
128 145
157 178
31 35
38 43
98 102
68 71
77 93
88 103
65 86
75 90
143 159
138 160
89 112
79 81
125 137
56 63
35 37
53 55
92 94
5 5
25 25
44 44
63 63
82 82
177 184
164 167
121 125
14 17
171 203
21 30
3 17
128 132
104 109
144 150
82 85
191 197
62 65
98 113
128 130
182 184
26 29
98 116
183 188
0 2
5 8
44 47
142 149
17 28
56 72
147 153
112 146
88 92
20 22
73 87
79 84
25 27
81 87
87 90
116 118
91 110
21 26
133 136
146 149
84 89
42 46
111 115
54 75
107 112
20 24
79 95
11 15
28 32
71 75
126 132
103 107
50 63
9 11
103 105
6 6
175 175
89 93
105 110
0 3
97 119
115 125
74 118
93 118
33 43
36 57
38 56
89 111
62 108
99 107
197 209
87 121
156 167
135 144
160 180
75 147
135 148
127 142
49 75
140 148
185 195
55 66
151 158
146 149
22 30
64 69
32 48
203 222
145 163
102 126
216 235
114 123
122 164
54 71
62 83
225 244
104 121
49 76
73 83
74 80
84 89
102 108
72 99
82 92
91 122
125 136
33 67
208 218
79 85
73 82
32 44
123 131
142 182
114 149
120 138
69 72
228 254
81 94
147 180
154 167
43 45
93 95
119 134
127 145
81 107
72 83
146 166
86 96
126 140
20 66
77 83
50 82
83 109
194 208
124 131
111 156
131 150
40 51
50 65
179 201
40 48
115 138
69 78
51 55
103 137
101 110
0 25
8 31
120 138
111 149
153 166
119 136
43 79
122 131
32 46
61 82
82 106
71 79
152 165
66 66
101 110
68 77
58 79
78 123
163 188
117 124
26 42
57 72
16 34
80 95
40 47
126 155
167 180
98 103
45 52
23 42
117 136
137 139
119 126
99 113
39 58
89 102
124 136
204 225
66 93
122 150
144 154
175 213
36 66
62 76
104 134
60 79
148 168
132 144
130 181
97 103
101 104
79 96
92 113
195 204
22 56
107 131
133 152
135 161
11 21
92 107
32 40
40 79
39 43
87 90
175 189
100 114
157 168
101 130
204 219
137 151
77 81
98 129
62 69
101 125
62 95
71 83
105 156
125 138
93 102
235 239
84 88
101 108
92 98
57 67
138 152
98 113
84 106
29 68
49 106
141 153
69 99
68 73
54 77
96 108
169 193
128 135
73 115
103 115
198 203
45 77
137 148
101 114
63 117
61 98
42 62
118 123
193 199
24 36
102 114
125 143
105 108
51 71
78 98
60 67
192 207
120 152
117 131
116 139
43 55
214 226
51 68
32 72
271 288
48 62
109 118
42 62
133 142
98 106
85 97
125 128
85 95
43 57
60 86
121 129
87 113
62 79
127 165
143 153
42 45
148 160
106 110
22 69
82 111
166 178
122 128
26 29
143 146
131 144
106 109
121 127
215 232
148 150
45 48
87 105
33 47
128 147
147 208
24 36
119 133
126 172
162 184
162 169
142 180
141 158
139 142
102 106
126 143
94 100
154 182
137 156
68 77
39 52
55 61
157 168
69 71
94 96
116 132
191 194
90 123
157 176
97 115
20 32
199 222
131 137
71 89
100 123
22 41
155 206
37 57
162 197
110 153
90 96
102 124
59 74
56 63
71 84
158 165
120 138
143 164
80 105
122 133
167 192
64 79
98 128
72 94
139 154
179 196
57 60
103 128
39 54
197 205
92 103
55 68
56 67
182 195
49 71
112 134
30 36
57 60
94 99
156 175
99 104
207 218
146 172
88 98
76 83
147 161
170 193
69 98
66 91
62 69
140 171
87 123
110 156
128 168
133 158
34 49
134 148
77 91
101 108
50 52
85 92
63 68
103 105
47 53
111 117
82 87
109 111
25 35
111 116
145 165
103 113
98 103
144 150
41 101
183 203
154 172
168 215
112 129
89 120
132 138
51 60
230 242
56 82
55 71
89 100
73 85
173 182
109 145
53 62
172 185
120 128
165 178
49 65
42 49
118 120
175 197
215 232
102 106
214 242
96 105
24 80
34 45
38 77
149 165
126 142
33 55
160 186
124 156
171 190
140 145
185 200
107 147
21 38
165 198
61 65
172 176
20 42
119 132
84 89
134 152
112 127
30 59
51 63
191 194
88 114
71 99
19 91
45 57
157 176
80 124
104 133
148 167
157 157
89 109
104 128
53 73
88 92
82 91
90 109
29 56
126 136
137 150
53 60
90 93
92 120
185 195
90 98
148 181
97 106
62 64
32 53
87 98
79 84
66 79
94 129
163 186
64 91
141 150
107 130
163 180
0 45
87 93
140 175
82 107
183 193
59 67
86 103
81 95
110 119
107 122
88 115
187 206
16 29
56 75
239 251
87 93
34 52
36 65
43 49
163 176
130 158
97 103
105 113
206 224
131 138
113 125
25 33
167 169
87 135
182 198
148 184
219 246
185 197
1 14
51 65
91 99
64 86
130 144
113 133
140 172
135 146
66 77
87 102
82 89
113 123
128 145
117 125
227 234
63 83
112 139
114 121
56 76
50 82
85 116
122 134
66 75
64 72
82 90
92 107
51 58
68 76
67 83
47 113
154 194
149 168
76 89
85 116
105 125
78 92
194 211
92 99
135 146
57 70
127 145
148 206
103 115
34 58
198 217
126 141
100 145
75 77
96 128
55 67
121 136
73 80
67 84
53 61
0 25
169 188
143 160
30 39
113 141
168 215
162 180
31 60
143 204
155 161
104 112
1 18
117 135
217 234
78 101
155 163
119 146
108 124
123 136
89 95
189 209
204 225
229 232
135 161
74 80
121 131
121 134
181 199
192 209
138 160
215 228
146 194
210 230
235 244
181 205
169 180
163 172
190 213
174 199
98 108
102 110
65 72
154 171
228 254
114 126
154 167
40 51
59 87
184 195
97 118
207 214
210 230
235 250
178 197
89 103
103 113
190 219
168 184
103 115
156 181
186 197
182 185
166 200
144 168
171 184
102 136
173 173
228 255
184 215
153 168
29 51
129 138
204 221
101 128
193 198
103 137
124 135
71 80
203 215
156 176
133 138
81 103
94 112
203 222
87 97
133 212
204 224
209 227
20 27
168 209
160 167
152 171
92 116
135 150
179 200
124 133
114 136
121 161
168 181
232 244
250 268
80 89
120 139
163 165
113 146
219 231
147 150
123 153
79 87
223 249
112 134
147 169
150 175
160 172
150 172
157 188
99 107
97 113
132 143
143 148
196 209
227 234
127 146
219 240
178 190
108 164
176 199
157 168
241 257
233 242
224 229
109 132
221 230
152 163
101 121
193 211
223 247
167 182
80 86
57 83
182 205
244 266
233 249
188 216
170 195
93 115
160 172
187 204
145 173
186 213
185 221
185 204
112 117
170 172
123 140
188 207
206 218
183 211
220 241
141 160
150 167
85 101
247 269
142 146
153 164
187 202
200 215
113 145
149 159
140 152
165 167
194 202
183 192
144 154
164 174
147 154
174 187
127 158
183 191
115 128
144 161
197 227
103 123
145 181
179 196
89 112
192 213
201 222
213 218
237 246
230 244
104 113
131 148
75 92
187 194
239 252
234 248
100 110
173 192
96 115
138 149
138 152
51 86
67 96
162 172
237 253
197 214
237 257
136 141
207 216
196 226
163 181
116 154
173 216
170 187
117 120
140 144
3 8
71 85
83 99
136 140
171 201
131 131
166 175
177 190
137 162
161 176
146 165
238 249
154 162
121 133
79 81
197 227
93 102
132 142
113 128
144 152
178 190
256 274
146 160
155 182
124 157
171 183
145 152
19 46
220 243
228 260
272 295
140 175
108 121
164 181
223 232
226 246
156 169
124 150
187 217
41 50
149 166
130 156
74 85
136 154
82 110
219 238
247 259
152 171
131 138
85 96
177 204
200 217
188 221
227 239
112 146
215 234
151 159
236 255
124 131
192 206
175 192
202 233
54 66
184 206
222 261
146 168
169 199
116 140
260 285
95 115
100 111
143 155
228 239
157 203
164 179
156 176
71 80
226 250
194 226
146 157
130 132
231 246
227 239
183 203
253 257
143 163
168 173
90 111
97 99
179 195
70 97
161 177
124 136
180 192
202 215
178 214
126 136
147 165
167 170
138 153
134 148
207 242
181 199
87 112
127 151
222 229
246 260
153 165
142 165
170 179
254 267
261 268
180 211
155 177
163 187
282 285
141 156
130 144
104 113
137 150
242 262
32 59
102 119
214 246
163 184
113 126
143 151
184 204
96 119
98 124
260 281
209 227
57 76
151 164
160 171
104 121
130 132
84 91
203 239
65 118
113 116
210 224
211 226
145 151
150 156
148 177
183 194
135 163
200 208
166 176
241 254
159 166
104 111
130 142
163 186
165 202
126 143
84 88
78 101
145 167
193 208
109 109
73 82
115 134
76 80
174 181
185 195
192 200
153 164
89 108
159 183
77 94
181 216
74 87
218 228
165 185
112 118
52 87
199 212
208 228
158 190
74 82
203 227
169 193
96 98
49 91
156 168
230 264
156 171
134 159
60 73
129 145
101 114
164 182
194 206
166 186
152 163
130 140
84 98
10 45
159 169
182 202
178 197
43 57
187 193
148 157
106 110
100 117
131 148
196 203
138 151
182 191
59 92
215 243
119 124
54 69
87 110
215 221
164 188
132 163
212 239
177 194
116 125
161 203
137 152
26 62
212 226
152 171
152 154
196 222
141 208
125 133
175 208
167 173
100 136
159 208
100 135
17 47
122 161
127 149
93 112
193 200
195 234
144 160
179 227
194 212
64 77
203 223
72 108
51 61
159 176
68 85
137 154
153 175
40 75
176 191
206 231
143 204
219 262
185 206
165 197
233 251
162 175
111 133
9 22
157 186
101 106
241 253
98 103
230 249
138 150
176 194
216 262
163 191
249 268
231 251
74 84
165 175
31 47
105 113
124 146
164 185
139 206
1 14
142 159
44 63
99 120
31 80
192 209
113 128
109 109
231 263
139 147
145 154
208 219
223 230
58 58
122 122
122 131
194 206
121 127
188 222
170 211
182 188
139 157
163 172
252 267
79 93
167 167
103 115
178 189
119 130
109 141
274 277
150 164
218 224
123 126
125 145
165 168
137 156
146 163
137 161
57 66
172 174
57 76
53 55
285 298
246 298
197 203
170 194
162 182
156 167
143 153
151 172
200 213
219 221
119 142
105 111
197 210
198 214
134 153
161 173
111 111
205 227
180 195
205 219
170 180
133 159
114 127
195 226
212 225
209 226
214 239
97 107
248 275
204 226
150 163
174 216
182 201
208 224
198 218
195 202
206 208
33 44
54 57
115 122
171 200
86 97
204 226
125 130
158 188
163 179
24 44
199 208
113 142
141 166
108 124
142 162
124 146
124 129
75 83
145 164
208 218
131 151
196 203
127 149
119 133
169 174
110 124
217 245
125 133
235 255
201 206
131 138
183 197
73 95
163 187
134 150
145 158
177 181
141 155
216 239
188 190
219 241
147 167
125 143
201 231
213 219
74 85
185 204
36 62
86 124
126 151
84 102
152 160
235 239
191 210
190 201
219 246
178 187
224 242
158 173
47 64
120 131
91 120
162 188
128 177
43 53
273 289
165 175
172 189
0 15
89 104
158 183
166 173
248 252
159 163
174 181
145 156
175 190
102 114
172 208
12 32
132 177
192 215
177 200
228 238
221 246
129 143
165 179
161 189
66 83
200 221
116 121
153 165
149 168
234 243
207 221
174 188
267 284
162 176
212 226
101 110
207 239
137 154
136 155
143 150
48 57
164 172
199 217
121 136
210 218
38 47
129 174
155 169
179 181
90 100
143 149
161 182
156 170
175 197
42 49
246 262
106 132
123 143
135 156
72 85
180 182
139 157
116 133
68 87
102 126
142 164
90 109
88 100
124 137
206 215
226 242
136 156
233 242
79 110
115 122
202 212
128 140
145 195
138 151
88 117
197 204
206 232
191 201
136 172
109 119
252 267
129 164
208 212
154 187
105 117
159 189
279 291
123 133
68 100
231 254
138 144
176 187
147 164
167 179
138 151
45 53
167 180
174 192
156 173
189 204
87 111
268 279
53 81
176 190
52 90
134 146
172 178
124 151
182 191
53 60
179 200
202 223
142 177
175 181
228 250
56 76
192 213
96 124
168 196
73 81
40 44
149 179
152 169
168 195
185 199
167 177
162 197
156 176
173 191
169 207
146 162
144 148
177 214
226 226
227 263
209 229
134 213
197 211
89 112
218 235
196 207
139 150
160 178
157 168
88 110
197 223
156 182
139 142
85 102
140 150
134 148
59 63
162 169
65 101
17 44
154 175
192 207
153 174
70 83
248 279
158 165
76 102
182 187
217 223
220 233
215 245
112 130
223 223
105 126
125 134
105 116
184 189
198 229
109 135
83 116
67 83
252 261
153 172
111 153
158 164
264 283
177 199
159 186
173 194
159 172
146 172
191 212
161 169
115 134
77 81
121 147
122 136
22 34
154 172
192 213
204 231
131 155
216 240
183 192
265 283
160 173
182 194
203 208
111 123
155 174
139 153
133 147
103 122
169 178
183 209
131 155
243 252
141 155
49 66
198 216
94 123
266 290
208 214
109 130
189 212
168 177
192 207
124 142
179 192
147 161
217 235
2 4
136 157
135 149
247 266
211 239
110 119
213 231
141 151
128 136
75 85
193 207
83 91
205 221
133 152
121 162
284 298
148 153
20 32
142 171
32 51
101 151
123 132
193 204
31 37
130 135
39 51
154 165
250 285
179 197
193 193
193 215
100 111
238 250
83 106
165 170
190 214
164 173
99 104
150 176
101 105
141 150
30 45
106 113
174 184
226 229
240 243
69 75
203 205
142 150
164 178
80 98
154 162
28 100
195 205
184 191
104 112
65 77
112 129
211 239
186 199
109 111
159 165
60 70
143 150
219 223
147 149
183 188
157 168
184 199
138 144
197 205
85 95
78 86
92 137
125 146
61 81
92 117
189 212
128 142
143 160
189 220
206 222
191 200
80 104
211 222
178 186
140 166
140 161
244 258
51 82
134 143
149 163
181 187
174 179
130 132
169 176
239 269
152 172
79 93
172 181
204 216
161 187
123 132
52 62
67 93
129 133
181 192
128 146
177 179
213 236
157 182
91 95
128 149
179 186
66 82
205 217
119 133
132 230
46 58
106 112
139 173
144 148
230 234
218 233
184 194
118 147
199 211
134 139
191 195
206 217
204 220
203 214
177 194
110 113
77 86
217 223
192 208
156 163
186 189
170 174
186 194
186 190
197 205
138 153
196 204
134 139
140 148
119 177
92 99
122 131
225 236
200 207
158 169
185 205
195 210
257 262
151 160
158 170
47 124
164 171
132 169
68 72
147 162
139 147
169 190
106 110
158 167
220 229
147 157
149 160
127 155
129 133
249 261
197 208
167 175
194 205
236 240
175 205
133 141
106 113
139 146
93 98
247 259
91 107
136 152
216 224
167 171
112 128
120 123
158 164
161 169
164 171
142 162
117 121
101 125
169 222
94 101
152 160
69 88
212 215
137 145
93 100
196 226
212 223
184 193
101 117
87 126
90 92
121 129
133 135
152 154
157 159
161 163
167 169
172 174
228 235
139 145
170 177
167 188
123 126
190 210
254 259
234 241
74 98
152 159
195 210
137 145
198 210
164 172
105 117
176 185
82 105
107 113
182 191
128 146
175 179
74 81
238 245
116 136
179 199
194 199
114 117
172 196
150 155
66 88
128 146
89 97
167 171
160 167
150 153
73 98
130 135
193 200
132 137
156 158
119 125
104 112
187 196
106 121
72 77
111 134
221 229
112 116
72 79
225 246
273 284
90 111
138 144
201 208
96 106
103 112
134 136
146 149
113 121
193 196
129 142
172 180
153 171
182 219
152 158
138 147
137 142
171 179
134 145
159 165
163 190
129 135
78 80
129 134
192 197
203 214
180 187
123 131
146 154
89 95
139 146
185 198
121 132
133 146
198 217
159 171
148 150
145 150
70 76
114 120
217 231
177 185
151 160
147 151
133 142
199 206
160 169
147 154
147 156
91 121
122 132
171 191
135 142
141 147
153 162
96 104
172 185
133 135
81 83
179 181
104 119
147 155
272 280
66 228
122 132
124 132
167 169
141 157
102 111
91 114
97 118
77 86
217 226
166 182
196 222
124 133
94 107
48 50
100 102
119 134
123 136
66 91
41 60
189 216
238 244
120 139
129 152
95 99
191 201
114 119
139 148
209 213
123 138
185 200
182 211
185 201
188 193
42 50
143 160
45 65
74 101
107 113
176 209
153 167
165 175
161 175
101 119
186 191
153 163
272 279
125 129
198 203
153 173
101 109
143 157
177 198
211 241
183 199
54 76
167 173
135 141
184 190
185 204
150 156
207 211
124 132
119 138
146 159
184 190
64 67
151 157
223 230
145 154
195 205
208 218
110 117
184 199
154 156
192 211
208 219
226 298
196 205
228 235
199 205
89 89
102 102
129 129
154 154
215 215
191 199
115 121
151 157
199 207
103 120
174 191
56 68
181 189
91 127
117 124
153 157
160 176
147 150
211 221
86 156
194 200
204 212
115 129
219 224
132 151
110 118
136 139
79 98
168 174
151 159
137 161
69 81
197 210
138 147
159 161
161 168
258 262
165 172
205 219
132 143
170 173
215 231
167 174
92 95
176 187
104 115
173 178
155 161
229 238
184 246
152 157
185 188
260 265
73 79
177 191
78 94
114 122
192 202
162 170
173 183
52 67
221 226
136 148
125 140
178 187
62 75
79 89
218 225
176 187
215 222
149 166
142 173
148 158
173 179
128 138
165 171
70 91
105 113
223 247
139 167
89 98
177 190
132 143
197 205
66 69
156 177
136 149
119 131
96 125
124 127
97 105
89 91
138 160
154 187
204 220
156 159
116 122
93 95
214 222
132 139
170 182
224 258
160 171
142 168
223 232
208 214
131 146
115 115
144 146
237 243
152 158
95 100
53 71
178 186
118 124
74 77
201 205
165 173
58 68
194 202
135 150
129 134
87 100
171 175
112 134
165 174
166 180
136 157
190 198
215 261
159 171
180 187
121 126
151 160
209 224
233 246
109 122
187 191
121 124
137 144
160 203
229 235
39 62
139 148
216 230
163 197
188 197
145 176
158 195
122 133
183 191
203 206
196 213
126 148
114 121
175 192
214 233
54 71
166 172
142 154
202 208
107 125
137 141
179 191
92 94
64 68
189 204
113 116
144 150
154 165
111 121
62 62
218 245
145 152
120 123
228 249
174 181
167 172
141 145
121 129
182 188
73 78
184 198
186 222
117 128
125 141
112 119
227 235
227 232
146 156
93 137
118 127
108 110
242 244
272 280
151 167
131 168
110 116
203 214
188 220
248 262
74 84
106 132
134 165
122 136
176 180
49 57
179 205
148 163
202 243
158 167
140 159
220 222
156 159
108 120
153 168
136 157
143 153
159 161
161 173
201 211
173 178
173 179
118 128
103 112
110 113
120 135
102 107
173 183
145 169
180 186
152 172
168 181
111 136
118 133
177 190
185 196
149 157
99 130
212 224
195 201
192 194
73 76
78 83
188 206
179 207
238 243
189 209
190 202
128 157
201 208
112 125
181 189
67 93
110 115
198 205
216 223
119 125
271 273
194 204
82 118
84 95
216 228
148 156
152 159
68 90
158 169
128 136
128 163
127 137
108 122
162 171
117 127
173 206
96 126
71 73
156 162
204 211
136 158
171 175
156 166
98 105
174 191
176 211
185 193
163 166
124 145
196 210
203 218
167 174
126 142
106 126
128 135
209 215
172 178
193 196
134 141
149 160
175 181
168 182
145 166
149 172
217 226
56 66
130 136
222 244
127 130
83 92
208 218
175 182
105 115
159 170
111 120
136 142
125 138
264 277
108 121
172 183
134 142
160 168
170 192
157 159
200 207
76 83
247 250
134 156
235 242
162 170
126 162
40 66
74 78
181 185
227 237
165 188
257 269
173 177
138 160
186 197
242 248
222 226
120 138
198 204
100 113
174 193
145 151
79 105
83 108
35 43
86 98
201 215
89 100
142 152
180 190
125 142
173 181
142 161
109 117
136 158
260 278
132 136
184 191
146 166
106 114
195 200
134 153
151 178
91 115
169 180
139 156
183 187
96 105
127 149
145 158
124 145
200 207
179 196
222 230
120 126
168 176
177 182
109 111
146 155
7 17
235 245
222 229
159 162
103 113
223 238
216 223
96 126
109 132
188 190
154 171
67 70
170 177
141 153
121 138
106 111
257 263
125 135
166 175
155 166
164 170
143 151
77 90
136 142
116 142
134 141
192 199
80 101
114 125
245 272
138 145
59 64
156 170
131 157
153 164
87 115
204 208
206 239
193 200
47 68
190 194
148 156
197 206
222 230
202 204
191 206
143 165
168 173
130 136
174 185
53 53
210 217
144 152
134 142
190 195
189 203
207 212
138 150
120 132
156 174
165 172
107 109
191 203
131 140
143 152
61 70
144 148
58 87
196 204
126 130
160 162
177 184
172 184
195 199
128 157
129 134
164 178
257 268
114 124
140 148
173 181
87 115
172 179
173 185
68 109
230 237
164 189
106 115
81 113
114 119
114 136
91 98
73 89
132 140
136 174
129 179
96 103
148 159
221 228
23 34
56 58
164 169
135 145
99 121
130 136
174 181
138 141
94 96
62 72
138 143
155 162
136 156
160 166
135 140
141 161
177 183
75 108
173 181
135 144
196 214
141 158
133 142
44 79
131 138
232 245
130 167
216 235
225 240
201 205
194 218
123 129
226 247
170 177
240 251
89 108
155 157
138 140
167 204
87 117
174 191
156 168
42 51
82 99
84 97
51 68
123 130
200 230
159 176
98 105
241 298
219 228
190 193
60 87
118 126
242 250
104 116
165 172
122 140
150 158
115 136
153 159
163 168
170 191
247 256
262 272
133 160
200 206
130 142
109 132
160 166
67 81
146 152
63 84
1 9
126 145
71 81
218 234
168 177
197 226
189 204
111 117
196 200
199 216
99 104
145 153
221 226
176 182
238 247
240 259
56 74
126 146
89 97
159 165
75 81
129 133
30 55
170 175
205 215
162 165
137 153
160 171
24 43
90 120
129 133
81 86
198 210
98 110
204 214
189 195
141 149
160 164
119 124
178 198
165 172
182 189
147 181
144 149
64 89
90 110
118 130
143 145
163 237
151 156
110 126
197 203
180 186
159 171
197 201
152 186
122 138
158 166
154 158
155 161
129 136
142 158
175 190
79 85
187 195
225 237
71 129
147 150
60 73
141 148
167 174
83 144
162 179
210 225
115 121
148 189
128 134
135 142
191 198
49 60
187 192
95 104
129 136
108 118
168 188
129 136
134 139
247 266
191 198
88 162
165 174
125 136
138 148
165 175
182 208
243 246
84 90
50 55
191 194
97 129
138 167
124 132
152 161
68 82
131 137
149 159
69 76
174 216
163 187
169 174
173 180
56 94
194 207
161 168
190 208
37 149
48 51
197 211
86 91
129 144
62 74
139 145
134 139
137 144
158 176
125 132
272 284
177 187
163 176
100 111
186 197
125 148
238 248
130 140
218 237
118 128
124 132
210 224
212 236
180 194
170 173
121 137
240 267
141 145
92 105
78 80
126 132
241 248
125 141
136 151
195 206
194 206
203 206
163 172
125 132
166 189
194 212
146 163
147 165
152 158
147 170
125 134
207 241
174 192
58 65
180 196
93 123
136 141
45 58
189 197
154 178
132 145
202 213
164 177
205 214
155 158
123 131
197 208
107 136
150 155
44 63
176 182
161 195
190 195
248 264
214 235
115 130
112 126
123 136
191 221
115 134
160 175
202 221
116 146
170 210
88 100
179 184
163 186
136 138
129 145
175 204
136 152
121 127
198 216
210 215
143 146
124 131
222 240
136 149
246 272
149 168
172 187
148 167
128 165
205 217
113 122
244 260
161 168
132 139
149 151
58 75
111 119
101 128
157 181
129 149
163 165
149 155
170 177
109 115
187 204
181 199
255 265
136 156
104 106
193 206
95 113
249 262
106 116
131 140
178 181
39 51
120 132
182 188
136 136
113 123
114 123
135 158
184 215
65 80
94 110
110 126
200 215
148 174
199 203
165 184
207 223
186 206
203 213
116 121
178 206
180 193
98 108
207 217
188 191
222 240
88 98
130 168
101 116
156 180
192 216
134 150
126 148
181 216
167 192
125 141
229 246
47 56
175 185
171 179
124 133
141 160
189 202
154 179
91 108
151 166
158 188
158 201
129 146
76 89
241 254
156 173
111 116
251 264
249 270
88 95
79 87
261 277
42 50
182 192
249 262
133 145
200 225
139 143
134 148
87 106
112 123
115 129
96 114
242 256
108 124
226 249
120 124
210 228
210 218
179 189
172 190
241 250
184 199
148 161
89 95
77 85
209 227
174 194
200 211
88 94
128 156
131 153
113 128
162 185
119 141
163 168
69 83
152 161
261 286
71 79
121 134
189 197
239 258
183 199
280 298
112 133
190 206
77 85
160 178
231 241
166 176
154 171
184 198
198 214
135 150
172 197
162 175
134 150
113 128
152 181
100 113
89 96
58 67
148 150
152 160
195 206
90 101
95 125
186 203
126 146
152 163
244 266
122 138
172 203
102 150
178 182
202 233
58 81
112 120
121 136
183 214
81 96
173 175
80 91
137 154
161 179
23 31
249 265
209 220
135 160
83 100
113 121
149 163
153 166
171 178
181 187
153 167
168 173
176 200
94 103
201 201
171 185
164 168
26 59
89 105
151 159
211 217
163 173
46 58
173 192
113 138
183 213
238 242
61 73
140 149
21 31
156 161
97 115
103 111
140 157
204 220
133 133
172 190
120 128
230 234
155 163
193 203
65 75
166 179
84 91
146 168
96 124
122 139
145 168
92 99
176 209
30 39
182 188
120 135
107 136
146 163
93 97
184 194
134 148
205 214
239 249
226 234
179 189
242 259
208 220
178 195
152 164
253 285
170 174
152 187
184 191
84 88
154 160
87 110
177 182
177 181
95 114
262 277
66 87
193 196
112 128
147 164
217 232
71 86
178 192
104 107
186 199
164 179
148 159
201 206
205 233
194 208
50 75
240 246
138 153
116 123
265 278
102 110
141 157
62 80
200 207
133 144
219 235
159 162
193 208
117 122
173 176
95 109
115 127
154 162
100 108
80 86
141 166
94 102
119 125
170 187
150 154
193 199
153 166
204 215
147 161
138 157
106 150
174 179
218 229
164 173
163 181
208 219
227 230
48 67
98 122
194 206
160 178
123 133
207 219
132 141
146 169
185 191
74 82
140 154
256 275
138 143
174 181
110 123
110 122
175 201
219 226
157 180
230 248
144 161
157 173
165 190
250 275
259 272
211 224
164 176
59 63
61 90
135 153
102 120
255 273
140 146
62 96
118 142
166 186
168 178
232 241
150 168
194 203
155 189
148 161
170 177
162 178
164 168
67 82
204 219
189 193
212 221
251 262
244 263
95 101
91 94
132 136
233 251
172 172
114 129
189 204
64 80
74 85
70 83
199 210
127 150
204 224
184 199
116 129
125 131
93 100
110 142
112 116
190 208
215 243
179 196
138 146
187 204
124 142
133 148
206 210
79 88
169 195
206 215
151 151
139 157
151 170
98 116
100 106
253 257
112 123
90 101
166 187
193 214
128 136
174 192
202 216
204 214
253 270
144 157
166 180
239 252
187 190
97 114
205 215
5 7
154 172
179 189
164 180
204 226
128 136
164 175
155 177
119 133
141 158
76 90
209 251
185 204
143 157
119 145
139 153
94 102
147 171
137 149
130 155
76 89
113 117
152 161
253 264
110 117
210 216
115 128
13 22
104 127
220 243
196 209
105 111
195 204
150 164
217 247
124 127
224 236
142 149
140 166
189 195
119 123
137 154
106 127
132 139
155 167
160 174
41 62
147 165
180 194
158 184
245 258
82 86
182 193
129 174
120 155
216 228
211 240
182 190
124 135
127 143
213 229
159 173
137 150
180 206
162 181
141 149
110 120
19 28
152 166
74 85
89 97
179 207
227 246
173 177
141 147
125 145
26 36
125 138
172 179
171 178
110 126
222 234
163 166
169 178
59 63
224 230
166 177
215 221
125 140
23 48
221 232
207 216
192 215
203 218
196 215
177 185
191 205
158 173
195 215
103 109
48 68
237 252
184 221
164 198
190 215
148 154
212 219
209 221
177 184
93 104
84 91
212 241
144 168
101 109
185 210
87 111
173 177
185 194
137 150
189 201
219 227
138 158
139 142
69 96
158 172
143 149
184 213
192 227
132 152
159 166
166 174
106 122
71 110
189 212
213 238
169 188
202 223
177 195
8 12
192 208
172 208
219 227
175 186
154 181
113 135
105 109
59 92
207 212
196 200
169 173
253 270
142 152
157 173
167 173
165 171
129 140
112 139
190 210
181 194
126 131
145 153
116 135
140 152
122 135
165 168
51 86
116 134
8 21
130 138
128 145
142 172
116 136
157 182
74 86
185 200
177 189
136 140
92 99
150 163
213 229
93 118
161 166
237 260
172 187
131 138
130 150
111 123
66 86
120 139
132 153
120 131
199 202
170 187
155 162
137 161
138 147
85 91
185 201
92 130
178 187
223 230
179 216
70 84
151 164
162 173
172 180
123 139
223 239
167 172
175 190
105 114
127 157
61 91
204 231
196 208
160 178
129 139
125 133
115 134
208 218
184 197
0 25
194 202
80 80
128 128
119 134
195 204
172 187
76 99
252 267
112 123
160 171
211 224
101 135
207 242
232 238
200 214
114 138
138 160
134 144
85 93
73 86
195 206
153 159
94 105
66 73
145 156
181 184
159 169
115 117
203 217
145 174
145 162
179 186
90 111
21 26
52 69
185 199
86 106
190 202
82 106
160 175
271 288
111 135
66 82
97 111
138 143
208 219
193 202
109 152
154 181
139 148
168 191
138 149
159 172
248 265
134 161
192 201
86 95
97 119
159 169
34 57
93 112
182 190
171 196
207 236
187 214
115 123
128 146
236 252
171 187
247 250
125 163
191 225
203 215
163 179
176 191
142 160
137 148
26 53
90 108
119 124
172 190
193 214
171 200
163 182
261 271
142 157
132 142
131 173
130 141
87 111
101 128
155 159
109 130
192 217
167 179
171 197
211 226
78 90
154 169
207 218
230 249
49 57
115 125
157 166
166 172
143 147
130 155
196 207
201 210
70 81
73 90
204 225
175 213
121 137
142 148
205 214
153 164
197 227
94 113
215 224
185 208
144 156
64 75
168 174
215 235
179 200
83 91
136 146
205 219
85 103
193 215
118 125
97 107
170 186
241 263
154 162
152 158
202 214
163 188
104 118
39 47
125 159
95 114
159 172
193 215
174 199
72 83
183 196
150 156
143 204
107 124
121 126
145 153
125 132
147 151
128 135
143 156
196 203
216 222
95 127
209 232
205 219
124 151
215 234
105 111
183 199
90 100
135 163
157 169
162 184
115 128
132 152
134 152
104 144
176 192
152 162
119 125
175 188
149 159
138 151
198 210
181 191
160 186
99 122
137 149
156 170
196 201
104 128
126 151
119 130
160 174
174 204
178 183
94 108
122 138
125 136
93 99
5 20
136 149
147 171
162 172
172 183
95 116
111 116
180 197
181 192
59 65
70 75
127 135
132 161
125 143
25 46
124 144
96 124
142 166
210 230
216 240
167 192
172 186
219 246
117 129
162 204
144 162
126 135
209 223
147 157
150 165
236 259
172 187
119 137
171 184
137 161
111 122
134 138
102 108
118 126
169 183
209 222
141 156
42 47
110 125
189 195
158 169
198 207
198 218
191 200
158 178
167 191
248 258
167 175
266 272
118 132
72 93
125 137
190 212
78 83
152 164
116 135
268 279
196 203
130 143
172 182
145 151
246 265
166 188
187 203
93 99
206 232
89 97
197 203
207 220
42 54
40 45
119 130
241 253
124 135
179 189
204 227
169 180
86 93
88 98
131 154
196 210
171 180
171 198
71 120
161 188
110 120
189 200
105 123
126 134
164 193
91 97
222 234
215 232
186 204
107 118
142 167
134 148
197 227
244 256
177 199
204 212
86 97
236 250
187 199
228 253
60 89
142 149
134 142
194 206
168 178
114 126
145 158
147 161
181 190
75 101
105 115
151 168
204 228
217 236
212 230
12 18
103 118
82 91
180 195
96 101
191 205
159 178
102 109
152 172
155 162
2 14
91 112
35 44
94 99
67 85
210 222
161 177
68 75
248 266
127 140
75 95
75 83
186 192
163 171
87 121
198 216
112 134
100 120
89 116
163 177
120 138
207 214
155 176
162 188
87 91
98 124
70 78
203 214
163 175
154 167
218 224
210 235
151 181
80 92
190 201
184 189
101 121
206 244
194 206
162 187
171 177
127 151
164 174
116 132
139 153
152 165
122 130
114 146
227 247
68 92
145 181
135 141
89 108
59 72
169 178
16 26
216 223
142 158
80 89
282 285
148 163
137 142
138 158
152 170
208 232
265 283
0 13
93 107
134 153
106 117
114 121
115 132
208 220
140 146
195 205
101 112
71 82
91 97
201 213
118 128
128 139
93 115
44 63
180 199
166 189
69 91
161 171
91 99
60 65
155 158
186 191
157 159
159 163
148 148
28 47
122 135
136 150
124 139
156 164
139 144
79 92
201 210
138 153
151 171
182 194
82 110
174 189
249 254
97 111
242 247
204 226
86 99
121 148
234 255
181 199
77 87
214 219
49 63
216 239
175 197
67 72
89 100
128 133
50 61
79 98
170 178
145 162
110 131
11 22
89 112
229 246
48 61
142 166
141 143
68 80
108 117
128 137
173 190
83 88
179 205
156 176
167 172
89 104
128 145
101 123
217 235
124 161
104 113
208 213
146 162
149 172
214 243
116 146
91 98
229 235
208 212
154 171
129 141
130 148
234 250
186 192
93 127
163 187
121 128
185 192
159 176
176 194
130 149
178 190
145 173
160 176
175 193
175 184
165 187
141 156
136 142
145 158
79 87
136 140
98 107
94 103
257 266
162 174
131 139
90 109
164 188
260 281
215 245
163 172
155 161
225 241
223 235
105 117
141 152
123 140
178 189
143 164
213 232
92 102
167 179
12 26
179 195
192 200
90 92
174 185
250 268
201 213
40 45
190 202
136 144
163 170
65 73
167 172
92 112
215 227
133 140
180 188
169 187
155 191
91 103
193 210
115 122
99 103
181 199
57 92
80 86
150 164
198 216
153 158
153 168
158 172
171 183
110 125
137 153
209 227
37 50
164 182
198 205
131 140
112 137
216 229
191 212
124 142
156 168
120 142
139 157
117 137
136 151
142 146
183 197
141 172
264 285
204 212
246 277
78 90
174 180
181 187
141 151
195 207
170 180
206 212
100 111
134 150
148 162
102 108
198 236
148 154
102 126
143 157
87 120
165 182
37 64
153 174
77 81
229 238
114 123
212 218
129 143
124 139
142 166
171 184
111 132
116 128
183 199
151 160
144 160
190 200
136 162
128 142
170 172
212 222
141 155
208 252
150 153
130 137
235 248
76 97
155 166
178 195
227 263
183 202
76 85
146 180
123 133
165 194
120 146
203 223
136 152
261 268
165 202
149 155
142 154
106 137
128 151
120 136
106 118
109 109
172 189
128 137
119 146
227 237
165 177
139 170
179 197
132 170
151 166
120 123
136 154
224 239
161 185
176 201
225 245
149 166
194 213
36 45
93 98
16 35
130 142
193 237
198 219
199 202
55 58
227 255
137 147
134 138
2 7
6 17
233 243
232 245
167 187
180 202
211 232
191 202
139 144
125 134
131 138
225 239
161 182
166 184
115 143
155 164
106 114
189 206
171 185
114 149
197 199
207 231
150 175
130 132
167 176
186 213
104 114
125 137
88 114
225 231
159 181
182 195
89 105
96 102
162 186
111 127
197 223
105 109
186 203
197 210
121 172
67 77
138 152
103 124
147 163
143 148
155 176
145 164
203 222
165 172
80 104
0 15
169 174
105 111
155 178
95 106
223 243
223 247
101 127
170 183
168 181
218 235
158 172
114 121
239 263
102 110
110 127
60 70
103 103
22 28
154 163
217 235
190 207
132 137
191 208
102 120
204 217
137 154
41 52
147 174
170 181
91 107
167 179
46 59
131 157
117 138
203 220
155 176
140 150
159 169
150 178
163 190
158 165
171 176
103 118
100 129
30 44
137 158
217 217
144 152
124 139
217 234
220 247
69 82
118 129
209 227
102 109
164 172
7 22
158 184
123 137
195 208
83 108
267 284
153 166
155 160
172 184
228 253
208 217
200 215
231 251
170 188
177 187
250 262
152 159
189 204
132 143
242 262
174 188
136 167
173 186
116 133
183 209
127 146
130 144
126 134
192 209
246 267
129 138
159 172
57 69
123 140
121 136
137 169
182 199
143 164
174 181
173 192
116 132
123 135
153 168
172 183
173 180
90 104
116 124
93 114
172 195
200 204
192 208
176 189
225 239
96 119
175 184
135 141
153 165
194 204
198 206
201 217
121 162
93 99
12 32
175 177
143 159
162 193
198 208
162 175
35 44
83 90
85 113
112 122
73 88
246 250
21 54
204 224
172 187
224 238
282 299
175 190
203 208
152 167
169 183
164 186
125 145
175 190
143 150
153 164
91 102
133 150
150 158
140 152
116 131
152 189
121 151
60 86
153 175
152 167
89 99
153 165
190 206
151 164
178 190
162 168
152 165
130 136
173 180
217 239
158 167
146 153
149 175
149 162
120 135
194 203
166 200
183 194
157 186
102 123
101 125
178 185
211 236
165 187
168 185
78 90
113 122
86 90
166 204
165 173
142 149
135 144
132 143
120 126
137 148
138 149
111 120
185 196
72 102
120 133
149 159
178 217
130 135
124 142
129 131
58 77
93 103
152 171
174 190
137 155
218 227
187 211
173 178
162 165
267 285
159 174
131 154
164 178
176 208
125 134
246 252
201 216
107 118
173 196
107 121
224 261
184 192
163 169
205 221
168 193
222 242
127 149
122 138
110 122
150 160
186 212
135 149
150 180
134 149
206 213
234 248
244 263
123 140
2 35
220 254
79 86
93 116
139 165
159 168
168 181
62 71
87 100
189 205
194 206
173 192
139 159
213 232
173 182
48 61
136 157
103 116
190 206
143 159
208 219
186 197
191 196
154 173
95 109
237 251
112 125
95 105
197 207
132 160
191 203
130 158
54 81
111 131
90 111
112 130
183 194
146 156
225 229
247 266
209 223
116 133
189 199
89 112
157 174
98 106
216 238
118 126
243 264
105 130
182 195
124 136
161 174
69 79
166 176
176 201
156 170
167 185
144 160
129 152
170 188
104 113
169 177
105 123
113 136
121 144
138 150
117 135
197 200
168 191
113 128
170 185
111 133
165 179
132 151
229 243
146 174
202 213
147 169
193 203
185 194
181 194
85 94
101 112
172 190
197 207
149 177
96 111
163 182
124 150
105 111
102 136
171 179
159 182
141 158
199 231
233 237
208 227
170 195
168 179
128 134
104 121
122 140
152 171
147 167
72 96
264 283
122 141
126 143
176 199
177 205
145 170
187 208
198 214
150 164
97 126
128 147
220 230
161 177
93 117
49 66
157 182
158 169
156 165
69 78
123 137
212 215
126 145
21 39
178 199
152 161
146 155
175 192
106 112
154 164
234 246
247 270
95 121
161 180
55 62
116 125
150 158
259 266
146 189
100 113
116 157
111 123
159 177
250 262
135 151
161 169
102 111
183 208
5 20
189 192
184 193
165 174
216 227
114 126
251 289
158 179
190 219
176 196
179 191
103 121
159 169
221 239
143 160
57 73
145 181
113 146
79 99
57 72
49 63
67 74
146 153
146 164
223 230
66 97
174 181
161 173
143 177
224 248
145 157
57 68
212 232
112 114
49 64
179 204
152 169
186 199
214 239
176 209
144 168
69 88
35 45
160 168
146 157
162 199
188 199
179 195
192 195
130 137
99 122
75 83
63 80
115 137
138 158
92 109
154 170
209 229
176 204
105 128
200 210
200 211
189 211
158 166
135 148
132 153
147 166
60 83
225 230
128 140
144 161
197 210
222 230
160 182
220 235
155 170
32 47
37 58
12 26
69 98
109 136
182 195
103 134
170 204
146 165
89 95
33 47
37 55
56 79
138 145
136 142
144 154
11 23
140 150
45 57
64 68
162 167
115 135
179 195
54 65
131 224
68 73
209 232
36 62
130 162
154 163
206 239
102 124
36 43
95 104
7 13
69 95
177 200
54 72
63 73
224 242
50 61
129 144
101 104
195 198
158 208
68 102
58 66
114 123
48 55
127 142
76 91
91 111
266 271
89 112
248 257
98 122
133 147
54 61
88 102
52 74
98 108
17 33
162 174
89 103
38 46
58 76
106 113
30 34
110 180
83 90
86 103
163 199
173 182
23 39
53 59
150 170
139 147
116 135
74 84
81 86
95 115
67 84
80 107
19 49
77 93
169 186
99 118
31 51
170 176
41 65
157 179
136 161
114 118
138 148
117 143
15 54
108 124
90 103
60 67
164 178
128 176
104 107
120 135
25 52
88 99
122 142
56 59
86 97
54 56
130 161
76 80
123 135
160 175
84 89
62 70
241 249
45 73
15 51
204 216
111 141
179 191
252 261
209 213
153 175
107 113
112 117
233 251
70 102
268 277
175 199
45 59
160 194
105 140
118 129
133 154
219 262
143 156
37 47
84 110
105 123
198 210
130 143
180 192
38 41
76 76
126 126
136 136
144 144
166 166
181 181
85 97
73 84
71 123
101 111
61 72
79 84
14 20
231 235
95 98
57 66
137 145
43 50
105 112
25 43
43 49
114 123
23 36
92 104
177 197
139 139
168 168
119 124
75 99
82 107
49 54
131 138
115 118
74 83
65 87
90 92
61 65
62 72
57 74
14 19
38 43
104 118
9 14
133 135
28 34
79 86
119 125
110 110
137 137
69 76
95 103
100 104
36 49
145 151
57 72
75 78
82 85
95 115
100 107
80 123
108 112
141 160
58 68
63 70
79 82
85 94
65 72
79 82
69 86
136 153
92 122
23 27
106 122
122 142
50 59
73 138
89 103
95 99
4 8
74 103
70 76
79 85
7 12
61 72
120 122
193 195
20 26
49 51
71 81
95 130
104 112
144 152
83 85
130 132
150 152
165 167
159 165
102 106
49 62
159 165
53 56
196 201
209 213
191 217
50 59
99 118
175 177
87 107
145 163
116 126
147 151
150 159
139 144
0 3
47 57
39 56
91 105
133 150
38 55
105 110
4 45
116 128
121 130
14 17
10 19
81 88
29 34
32 62
147 153
91 106
0 7
110 124
127 189
127 138
57 91
64 80
97 110
31 60
61 63
64 64
105 110
49 71
102 145
44 55
112 112
78 81
25 34
54 57
74 86
64 82
64 84
45 53
70 86
85 90
16 40
16 33
40 55
104 118
107 121
8 24
62 80
74 83
127 152
134 142
61 67
6 19
57 64
77 85
154 174
90 110
52 81
138 183
67 85
71 77
67 82
66 76
60 75
31 46
75 93
131 140
96 104
12 25
16 24
35 55
2 11
89 105
78 93
2 7
101 120
31 58
107 122
17 31
119 140
147 156
82 85
66 86
60 92
81 85
2 46
78 93
152 160
121 133
62 74
60 67
117 137
102 117
71 94
118 123
49 67
83 113
87 96
3 20
103 125
91 98
60 76
165 211
41 76
74 95
33 56
32 40
23 41
115 122
79 86
86 95
2 8
68 81
46 56
2 13
116 142
34 59
95 110
52 87
49 52
6 13
147 151
34 65
46 60
46 55
93 103
123 141
93 100
89 113
129 160
86 92
263 271
2 11
49 61
69 84
69 86
24 41
6 9
52 68
54 75
117 157
138 163
83 87
129 155
86 99
91 116
25 46
116 126
157 196
172 176
2 16
2 19
2 19
24 30
125 132
83 96
72 86
119 138
2 7
20 69
138 142
40 62
2 13
48 53
47 53
164 167
179 182
49 64
83 115
29 66
144 163
61 90
87 92
6 24
2 23
50 63
81 99
78 91
103 106
36 43
167 175
71 80
52 60
114 120
3 11
16 42
47 58
74 77
134 148
66 68
179 197
55 66
80 93
147 172
56 84
23 31
60 78
15 31
18 24
15 40
140 156
86 98
64 77
17 33
190 196
78 100
35 66
97 111
52 59
92 102
94 110
43 51
42 48
154 154
210 210
229 229
83 111
158 162
122 128
95 108
4 32
50 74
6 42
12 30
143 152
79 100
135 142
160 164
75 159
90 100
102 128
179 209
78 96
230 235
89 106
69 76
53 65
143 157
43 56
54 72
88 94
120 124
82 103
20 79
109 192
5 28
95 121
77 93
63 67
93 97
203 207
228 232
63 67
154 163
115 147
116 122
96 102
143 163
30 55
65 86
136 144
9 9
147 147
86 112
33 33
54 54
81 81
181 188
61 71
123 127
27 40
83 91
99 106
119 131
144 163
43 61
72 83
48 58
57 82
3 22
83 87
78 110
33 49
85 107
77 123
99 105
167 178
78 93
3 25
90 107
73 87
4 8
83 98
76 91
51 58
98 122
110 127
94 110
127 132
185 226
113 134
107 131
173 182
54 56
244 266
26 77
116 116
144 148
51 78
74 85
125 151
89 104
143 146
94 121
68 78
175 189
28 62
124 129
61 81
59 78
126 133
117 124
111 140
176 198
162 186
23 44
99 125
177 201
100 107
162 187
151 158
80 97
115 126
123 132
93 112
68 87
99 107
82 85
132 143
168 215
164 173
61 71
37 48
162 183
74 79
27 43
23 43
84 108
75 100
88 109
104 113
116 132
104 112
194 206
23 40
159 166
231 263
46 101
99 106
164 177
83 90
90 112
63 73
126 130
178 190
70 93
31 49
153 175
131 148
66 92
72 97
189 199
142 159
46 96
116 166
101 114
114 131
76 88
123 142
24 35
121 184
28 34
112 143
42 51
93 104
126 181
63 81
104 108
89 146
171 200
84 106
163 168
124 131
68 83
166 190
124 134
70 85
61 73
118 134
283 295
228 254
27 37
227 236
98 109
94 110
148 169
71 89
193 215
129 135
145 172
184 204
136 152
214 220
147 158
104 114
233 254
219 230
53 130
185 198
184 195
219 246
71 87
125 129
42 46
51 61
149 154
92 104
87 96
5 13
130 148
21 41
112 120
155 184
109 133
131 136
92 101
94 117
97 126
100 109
109 127
109 126
98 114
93 169
33 52
80 99
134 138
185 197
197 205
154 167
88 93
146 174
258 261
183 188
138 147
114 131
26 33
107 118
114 142
85 106
93 107
57 91
129 147
17 25
105 121
140 151
115 140
172 208
110 125
38 68
161 166
134 149
139 170
135 144
59 99
136 147
31 39
89 102
154 163
131 155
125 130
0 8
108 113
117 130
173 178
121 143
143 158
156 184
135 144
26 30
104 154
2 5
103 105
62 84
68 72
117 117
116 120
188 192
146 155
39 41
94 96
125 129
100 108
112 114
137 141
135 141
55 74
80 84
127 130
158 161
211 214
39 54
1 3
50 52
77 79
158 160
76 105
47 51
27 41
62 106
65 75
60 63
4 9
57 62
130 135
138 146
92 103
132 135
67 86
63 67
143 157
206 208
126 134
32 34
37 79
71 80
61 67
105 111
20 30
163 172
157 160
75 129
101 104
169 177
50 73
85 93
48 61
174 180
117 126
111 124
44 48
137 147
94 100
108 108
128 134
91 103
111 129
6 10
116 116
168 168
171 171
194 194
89 93
42 47
71 73
0 8
123 130
166 187
47 50
96 99
137 140
143 146
0 23
50 53
79 84
85 91
210 231
55 79
53 61
56 66
54 68
75 81
94 139
3 6
80 83
89 95
115 164
83 83
72 91
131 138
96 100
100 120
51 55
163 173
130 130
159 172
136 175
68 109
217 227
61 75
40 40
62 77
0 0
0 3
159 166
117 122
48 56
78 103
81 103
39 41
174 176
179 198
0 2
101 103
112 114
43 43
36 43
163 167
98 102
199 203
77 85
101 132
16 18
66 70
133 135
133 136
171 175
90 97
85 96
200 204
34 45
88 90
23 49
60 66
0 7
76 78
178 180
114 116
137 139
4 9
116 134
12 21
83 91
71 78
72 80
99 153
114 116
121 133
107 121
113 115
56 72
153 176
122 125
50 61
87 93
180 183
127 131
31 35
94 100
10 13
120 139
67 76
59 65
164 169
134 136
108 113
99 106
8 15
163 187
46 52
51 65
27 37
48 55
98 116
93 96
96 102
124 128
76 84
102 115
53 53
73 73
87 87
135 135
68 84
26 39
73 75
98 122
7 9
31 33
154 158
108 116
229 250
76 81
113 117
64 97
83 89
71 80
8 16
118 123
67 80
8 14
154 156
85 91
0 9
102 118
203 211
74 83
140 144
10 20
109 112
106 112
6 9
138 141
2 12
100 116
84 86
2 22
87 97
107 138
149 156
52 63
72 93
59 66
114 131
66 72
77 95
118 122
87 99
102 110
74 80
100 122
111 119
223 227
149 170
144 148
204 210
102 132
63 86
144 153
129 138
43 49
92 110
53 70
209 224
116 134
84 90
29 34
99 104
99 115
107 111
113 131
76 108
32 37
67 74
59 70
136 148
107 113
3 7
118 127
80 132
139 149
194 199
165 184
56 80
77 99
47 62
115 133
144 149
116 116
168 168
171 171
194 194
5 13
66 84
26 41
111 119
52 66
131 137
98 121
90 103
32 65
206 220
62 77
2 16
74 93
96 113
7 19
62 67
157 173
54 54
66 66
100 100
115 115
126 126
134 134
121 129
105 116
77 85
2 7
66 110
25 28
30 41
109 116
116 169
125 147
135 141
173 181
94 104
60 85
70 83
65 92
99 104
174 184
93 114
80 88
151 160
58 64
40 57
102 116
64 75
93 109
7 37
103 123
85 100
117 144
28 75
59 72
76 94
156 178
129 149
60 76
97 104
95 116
35 44
139 151
44 75
55 69
164 174
74 97
103 114
28 37
20 30
190 199
136 149
53 61
86 106
124 147
79 91
110 117
122 137
30 41
94 109
12 26
133 152
142 167
87 91
30 44
3 13
113 142
67 87
127 140
2 24
118 124
122 130
35 63
201 217
127 134
4 16
116 126
31 36
155 160
101 109
72 87
173 182
111 126
126 151
81 101
36 54
93 169
77 109
77 89
207 223
15 22
32 35
8 16
124 131
211 220
92 123
59 82
71 74
44 55
186 194
42 53
30 46
122 132
133 141
136 170
81 123
82 118
70 76
64 97
61 66
68 87
63 70
10 34
202 206
243 247
58 68
55 83
129 158
121 130
170 211
95 100
75 85
175 179
113 132
155 166
60 62
87 107
88 114
108 123
101 112
82 97
154 161
109 118
157 161
116 119
3 15
84 89
2 15
80 103
122 125
139 142
188 191
218 221
239 242
86 91
47 52
121 126
95 109
127 144
172 202
76 81
35 79
133 145
184 192
55 79
94 124
81 87
119 135
6 28
51 68
81 87
112 123
83 90
82 103
210 214
81 89
3 7
121 142
147 150
119 134
145 149
141 150
50 53
103 116
101 114
79 102
94 102
139 141
119 131
70 78
65 89
81 121
55 80
6 10
118 158
76 88
94 106
39 57
57 73
120 136
18 33
71 76
93 99
3 23
82 97
138 150
77 82
95 95
104 104
125 125
135 135
180 180
2 15
97 111
178 188
71 90
5 20
0 0
30 30
38 38
105 105
219 219
103 106
31 43
59 99
119 158
99 123
113 146
84 90
152 156
110 112
70 83
108 110
126 128
163 165
136 156
153 177
2 37
109 127
160 181
95 127
129 135
99 106
53 67
159 177
87 93
98 98
135 135
121 128
110 118
92 107
123 134
125 142
147 158
143 145
167 169
120 129
178 196
152 158
109 112
43 54
196 210
112 123
20 36
138 158
148 154
152 159
39 39
86 86
88 103
13 53
168 175
190 194
199 227
50 95
65 70
154 154
210 210
229 229
174 183
2 25
39 56
131 133
99 124
95 103
109 120
60 72
55 65
78 92
125 135
49 63
160 208
95 111
105 121
122 165
148 175
92 114
124 130
48 63
57 66
144 152
77 91
34 48
83 93
194 211
174 196
191 210
0 18
45 80
193 214
53 89
101 124
31 37
59 84
24 60
61 82
53 67
147 161
204 226
134 140
163 176
104 111
107 126
219 237
148 167
41 43
67 69
42 47
0 12
81 90
231 249
78 90
166 180
10 35
61 74
143 191
37 44
49 57
147 166
70 100
148 154
31 82
121 123
132 134
165 188
102 109
126 142
38 53
184 204
96 106
150 172
89 100
101 106
188 211
47 64
68 112
156 192
65 94
284 299
187 206
150 175
207 216
94 111
104 124
62 67
97 112
138 153
63 68
124 128
183 194
57 67
89 114
163 178
53 88
60 71
99 121
126 149
121 138
119 156
165 177
92 130
94 126
103 112
154 160
117 124
170 248
62 69
66 69
166 171
65 81
164 171
71 86
34 61
114 123
140 157
52 66
69 103
227 255
124 155
148 168
165 174
156 173
92 129
14 17
162 179
167 173
69 74
30 38
103 129
145 167
136 201
15 26
103 117
72 75
44 56
181 187
214 223
126 143
112 126
80 88
193 214
23 30
88 103
65 89
147 174
110 116
36 65
157 176
31 47
99 120
165 173
94 101
86 114
116 160
74 84
46 52
30 58
153 157
139 141
33 35
123 125
109 123
51 61
53 56
85 91
139 164
112 125
82 94
80 93
105 124
44 55
136 146
126 139
181 203
130 141
48 69
109 159
57 94
87 160
51 68
104 112
100 115
155 199
32 50
66 79
89 110
124 136
143 159
108 135
169 194
57 81
68 95
119 148
104 127
132 140
65 86
236 255
9 30
97 121
31 66
115 118
127 138
78 101
64 82
143 146
45 54
155 159
215 228
115 143
68 83
159 180
95 104
71 104
79 116
10 24
60 68
119 134
148 161
152 159
43 108
73 87
165 186
76 84
112 118
83 107
156 164
141 151
85 91
40 61
121 132
101 131
95 108
85 99
57 67
59 70
38 43
126 133
177 195
87 135
100 113
35 41
118 144
161 165
120 150
113 120
65 106
123 130
117 137
26 53
146 158
128 153
93 124
90 94
129 135
48 51
18 58
137 156
155 159
80 148
35 43
106 109
93 96
61 68
107 112
97 108
36 70
9 30
117 130
147 150
94 98
67 70
123 126
4 4
58 58
106 106
180 182
136 138
176 178
33 35
47 49
186 188
10 20
164 164
7 9
30 32
102 104
100 118
21 23
50 54
111 113
99 106
100 112
18 23
49 62
132 139
102 107
81 88
79 94
84 90
92 110
6 18
202 205
95 105
112 125
140 150
88 91
108 130
54 57
95 98
17 20
79 82
19 28
138 144
125 125
135 135
153 153
166 173
99 107
122 125
135 145
42 51
63 66
75 85
76 84
10 15
201 225
142 147
69 88
45 60
94 102
126 129
152 157
0 8
39 42
65 68
55 57
187 189
26 34
131 133
79 100
183 185
98 98
108 108
105 108
98 102
74 108
34 44
136 166
87 96
98 104
66 70
3 3
22 22
60 60
77 77
81 107
42 44
12 18
128 152
58 62
69 82
164 169
79 101
219 227
131 133
201 203
174 178
61 63
95 97
128 130
7 13
112 115
34 39
56 72
63 63
118 118
151 151
237 241
69 90
74 76
63 68
15 23
121 147
105 110
6 22
1 4
103 109
128 132
45 51
51 54
81 85
52 238
118 124
41 46
122 141
44 46
0 6
78 83
6 6
21 21
145 145
152 167
113 118
6 9
98 111
58 65
147 168
125 137
38 43
162 166
99 103
94 96
150 152
3 9
123 129
121 126
84 98
84 94
65 75
129 134
16 23
154 188
25 33
23 38
41 52
165 193
90 97
7 9
66 68
75 77
31 37
103 107
82 86
77 84
62 64
74 87
78 81
40 48
138 138
187 187
200 200
123 137
182 185
108 133
96 102
93 99
31 37
44 49
65 73
93 112
84 90
78 94
156 192
155 161
132 135
89 91
105 107
76 86
44 61
188 193
95 98
20 45
72 75
46 46
43 58
37 50
93 96
114 117
151 174
20 24
36 40
107 111
41 43
67 69
103 105
48 69
168 171
20 20
105 105
92 100
89 96
12 15
80 83
63 66
60 110
45 59
150 154
31 58
106 113
88 101
85 87
101 103
179 181
41 41
64 64
90 90
94 94
132 132
134 134
120 122
26 28
5 11
144 152
184 189
65 67
107 111
94 97
151 154
49 53
20 31
7 7
38 38
71 71
106 106
134 134
139 139
18 33
8 8
117 135
146 204
60 76
117 126
116 126
95 99
42 46
72 77
154 170
97 105
21 26
92 92
122 122
141 141
76 105
11 11
60 60
124 124
53 61
26 29
176 176
87 89
108 116
30 34
52 56
36 53
128 133
5 12
78 88
118 123
112 131
98 126
49 53
70 98
145 177
155 160
92 94
113 115
166 168
23 27
97 99
77 80
59 61
174 178
71 74
22 29
92 92
5 5
41 41
69 69
83 83
133 133
150 150
177 177
192 192
218 218
255 255
50 66
72 84
46 53
123 127
9 34
72 81
37 43
106 109
3 11
97 106
171 187
21 31
114 133
40 57
123 140
1 24
91 132
107 125
2 12
48 73
91 98
32 54
77 107
22 29
66 74
47 72
56 61
45 66
2 19
110 114
2 28
66 74
53 65
2 11
111 126
104 120
61 89
90 101
67 71
150 159
112 134
71 84
83 87
71 84
74 87
88 97
86 101
63 75
139 145
27 37
57 68
100 107
148 172
68 93
42 49
84 93
6 17
126 132
2 35
92 104
169 173
75 86
6 12
112 124
143 170
89 116
93 109
18 34
175 193
25 33
61 101
88 109
98 101
55 75
60 68
2 9
76 100
4 18
7 19
91 110
164 178
130 135
69 71
157 175
74 100
5 12
107 120
47 77
52 61
79 85
129 139
67 88
89 98
76 86
125 129
0 5
226 235
1 5
77 84
114 114
119 119
171 171
197 197
43 46
81 134
42 55
22 27
201 212
77 87
63 95
115 135
172 204
23 41
101 112
111 151
40 45
32 39
160 166
142 169
55 65
162 186
3 15
131 147
75 105
63 81
74 80
30 51
2 16
98 118
93 126
162 178
118 129
11 21
45 55
43 45
127 130
76 80
25 25
50 50
85 85
91 91
120 120
132 132
165 165
27 54
14 25
159 163
77 84
40 58
102 134
80 90
75 90
84 93
18 41
31 57
58 72
53 55
151 153
197 199
93 103
109 123
7 14
53 88
0 2
72 98
134 151
120 138
41 47
87 122
98 128
59 73
15 31
31 40
43 62
140 168
54 62
59 77
2 24
106 134
121 125
8 19
77 94
119 127
71 86
122 130
62 65
92 95
35 56
79 100
115 123
0 18
82 86
95 99
3 9
54 59
136 143
148 151
67 77
38 57
44 50
136 163
48 66
87 102
24 36
112 118
59 68
39 53
55 77
46 64
126 153
64 82
132 135
101 117
111 118
86 101
60 71
148 151
6 19
144 156
98 104
148 153
2 19
88 101
10 38
58 81
43 61
60 99
108 137
6 24
72 76
91 120
28 42
16 22
229 236
58 65
62 87
92 100
102 110
13 19
0 22
131 154
38 62
75 83
41 74
70 83
84 91
92 96
70 92
134 160
163 174
92 106
85 101
65 90
2 17
202 207
109 116
17 46
162 188
60 76
45 56
58 77
90 105
111 128
118 126
128 134
11 43
154 165
2 10
72 77
80 84
61 82
53 69
102 111
48 72
134 150
42 72
68 73
64 92
70 82
99 107
6 17
82 82
89 89
115 115
137 137
91 97
45 53
146 152
73 104
143 154
136 150
97 107
26 37
53 59
139 143
2 17
95 119
160 173
109 109
150 150
192 192
28 41
98 116
33 40
69 74
57 65
3 10
2 16
89 93
63 78
25 48
106 116
147 150
138 144
127 142
63 73
92 102
158 169
102 112
138 153
49 62
72 91
47 64
24 53
36 45
2 16
109 111
155 164
36 58
133 159
39 58
40 47
148 175
81 85
82 97
81 92
60 90
60 68
159 166
36 51
33 37
34 46
70 90
92 114
2 36
87 105
73 86
161 178
49 89
81 97
34 47
41 48
112 118
104 115
102 123
49 58
59 66
73 83
127 134
85 96
0 5
51 55
31 35
79 98
150 154
6 10
108 118
195 200
2 6
17 27
85 102
66 73
135 147
109 127
64 73
64 74
108 111
38 48
55 86
41 64
99 110
83 125
16 18
22 24
4 17
3 18
12 15
39 58
65 75
78 81
122 125
132 135
170 173
183 186
34 54
80 93
86 107
88 103
47 66
0 6
81 83
54 60
8 14
37 40
90 109
70 99
48 58
57 82
29 37
116 132
49 75
42 48
97 104
156 169
130 135
120 136
59 79
134 144
215 221
149 152
135 149
215 226
174 178
237 245
91 99
191 203
116 131
72 79
48 51
86 86
208 216
201 205
222 239
22 48
9 22
216 218
132 140
29 40
184 191
113 126
91 102
233 238
18 38
61 68
159 171
146 150
186 191
144 148
173 175
129 135
23 28
182 193
206 210
225 229
145 148
97 106
190 216
99 121
176 189
223 229
38 43
163 167
231 241
185 188
125 131
247 251
138 140
160 173
67 76
184 193
0 4
225 228
127 132
149 156
241 243
63 73
45 52
73 88
